# This is the file header# problem=SEAS Benchmark BP5-QD
# code=Thrase
# modeler=B. A. Erickson
# date=2023/01/09
# element size=1000 m
#location=on fault, 0km along strike, 8km away from the fault, 0km depth# minimum_time_step=0.1
# maximum_time_step=3.157e6
# num_time_steps=2400
# Column #1 = Time(s)
# Column #2 = Slip_2(m)
# Column #3 = Slip_3(m)
# Column #4 = Slip_rate_2(log10 m/s)
# Column #5 = Slip_rate_3(log10 m/s)
# Column #6 = Shear_stress_2 (MPa)
# Column #7 = Shear_stress_3 (MPa)
# Column #8 = State (log10 s)
t slip_2 slip_3 slip_rate_2 slip_rate_3 shear_stress_2 shear_stress_3 state
# Here is the time-series data.
0.0	0.0	0.0	-9.0	-20.0	13.273061180257438	1.3273061180257436e-10	8.146128033000423
0.07290145234290943	7.290193452783053e-11	6.6556401725182115e-18	-8.99999425489089	-15.738334752924958	13.273074408859886	2.4245493651889875e-6	8.14612803300042
0.6522666446483425	6.523053297263567e-10	5.342292546826469e-16	-8.999948361288899	-14.784626565558417	13.273180082767642	2.1791984554524695e-5	8.146128033000304
2.5476631988883534	2.5482680956017927e-9	8.350131247876059e-15	-8.999789147033647	-14.173550429520764	13.273546686877893	8.896633483445025e-5	8.146128032998545
5.956063691248455	5.959644036894426e-9	4.9437031926521595e-14	-8.99943448335131	-13.744825485851678	13.27436332846705	0.00023857377245429032	8.146128032989314
10.664604849276007	1.0678061039894199e-8	1.859065425841784e-13	-8.99867535238302	-13.374462631823011	13.276111283180109	0.0005588350082037849	8.146128032958677
13.719677276921962	1.3745186132615462e-8	3.5256515758444727e-13	-8.997832145519784	-13.160214819398956	13.278052820491238	0.0009135908011782407	8.14612803292129
15.96984748191578	1.6009095003027066e-8	5.42341800616511e-13	-8.996794418147907	-12.990594843735584	13.280442241887886	0.0013471380773287253	8.146128032878671
17.80769255855835	1.786330077043542e-8	7.677983289164796e-13	-8.995389823468823	-12.833335565214016	13.283676374224694	0.0019291790842129945	8.146128032827919
19.313785357477677	1.938851883024987e-8	1.030455779856725e-12	-8.993496173135108	-12.684601397930686	13.288036539888273	0.002706173200624053	8.146128032768589
20.585150531209056	2.0682610858544713e-8	1.3412125206016425e-12	-8.990914939253802	-12.540198161820928	13.293979815388957	0.003752941480023592	8.146128032698089
21.588468194013043	2.1710547932808658e-8	1.6761390596022549e-12	-8.987869617235605	-12.415416408913002	13.300991559609177	0.004969780711641676	8.146128032621716
22.37005940429544	2.2516961498378466e-8	2.011979846156241e-12	-8.984909744166327	-12.321468716561155	13.307806471496622	0.006131228532699107	8.146128032544715
23.092393080286516	2.3267427915754546e-8	2.3903717186129534e-12	-8.98186359286828	-12.242876930262186	13.314819949368088	0.007299984880792968	8.146128032457444
23.837382246285753	2.4047218871331567e-8	2.854965832440437e-12	-8.978431944275393	-12.169593164360743	13.322720908181145	0.008578902065436345	8.146128032349484
24.591459943328932	2.484314283150701e-8	3.4081493127550654e-12	-8.97459573752468	-12.10136326967144	13.331553216099314	0.0099566494852932	8.146128032219675
25.332058176298368	2.563209405579713e-8	4.039564602721101e-12	-8.970393358686557	-12.038612462309931	13.341228482891372	0.011401886627618214	8.146128032069678
26.043584999344976	2.6397726621134873e-8	4.735854699738559e-12	-8.965862336249268	-11.981293664569717	13.351660302218397	0.012885579240935939	8.146128031901835
26.729393147969954	2.7143742150287718e-8	5.4976791997887975e-12	-8.960956393076422	-11.928353839266808	13.36295522289298	0.014404728163288145	8.146128031715063
27.38813775732522	2.786877398520284e-8	6.320372337672539e-12	-8.955667257187478	-11.879394040460905	13.375132299346605	0.015943046149904827	8.146128031509432
28.026312000165248	2.858014310840948e-8	7.209167677875253e-12	-8.94991569599008	-11.83353669567074	13.388373963411475	0.017502771975110718	8.146128031282371
28.643555743782933	2.9277744203355336e-8	8.161276940356659e-12	-8.94366795408449	-11.79056447398064	13.402757955200018	0.01906767121257918	8.14612803103309
29.24365244071298	2.996624109188347e-8	9.180194158968276e-12	-8.936844391584073	-11.750105143265607	13.418467666676241	0.020627289903212963	8.14612803075886
29.829229071861707	3.0649227683573384e-8	1.0268559851528602e-11	-8.92936075795059	-11.71197255833394	13.435697121784093	0.022164013432062257	8.146128030456683
30.39866713545745	3.132547042317506e-8	1.1420788185540037e-11	-8.921177224093585	-11.676325425973523	13.454538094044402	0.023643980405829174	8.14612803012536
30.959165113008417	3.2004436495978124e-8	1.2648912103369835e-11	-8.912107678429043	-11.642856926169799	13.475419171209817	0.02504915243594914	8.146128029757856
31.504342147860175	3.267945061906899e-8	1.3934971451855752e-11	-8.902159485643256	-11.612178407307484	13.49832352841888	0.026318486549344964	8.146128029355085
32.04306448419976	3.336282221894864e-8	1.529483038455304e-11	-8.891050531192416	-11.584166298976427	13.523900865025556	0.027414871260515568	8.146128028906363
32.57110252033729	3.405095053271057e-8	1.6710973933835467e-11	-8.87871067434668	-11.559636931910061	13.552312887230178	0.028254469810140313	8.146128028409743
33.090420482765815	3.47483613101141e-8	1.8177632105348484e-11	-8.864918545722302	-11.539394283570351	13.584069542625725	0.02874446027086223	8.146128027857277
33.60516960171604	3.5463392338748424e-8	1.9691462263661206e-11	-8.849322758180945	-11.524758235913549	13.619980213891811	0.028756829264883654	8.146128027235976
34.1092347438131	3.619073448389869e-8	2.1211290784183336e-11	-8.831834017397508	-11.51826258489891	13.660250830052787	0.028120957656050098	8.146128026543343
34.609299218782155	3.6944038041960744e-8	2.272211935060639e-11	-8.811883420914711	-11.523931288197298	13.706191673944284	0.026599221967851333	8.146128025757765
35.104167168061934	3.7727083871671886e-8	2.41671954895691e-11	-8.789062566995273	-11.549802109105576	13.758743358006736	0.02386927498213913	8.146128024863803
35.59092918592742	3.8541838434418294e-8	2.545755237103385e-11	-8.76299028836172	-11.612968717830235	13.818783407034566	0.019520519904244117	8.146128023846332
36.07539692128634	3.9407042479779926e-8	2.6481545879970616e-11	-8.732681097415218	-11.765060180288314	13.888580134925167	0.012890767221892314	8.146128022665248
36.55388227561706	4.032837525191456e-8	2.702900070398355e-11	-8.697502012931208	-12.342916532304407	13.969588188429887	0.003160596714403054	8.146128021291487
37.0267116687648	4.1322237134718695e-8	2.677920462285496e-11	-8.656422271598755	-11.768413451110254	14.06417421847674	-0.01086733507654318	8.146128019675189
37.497922882039305	4.242027482367925e-8	2.518519098972435e-11	-8.607859834225463	-11.268983489935097	14.175965891455956	-0.030933495900501894	8.146128017730705
37.96284779863542	4.36426710544936e-8	2.1402991870634697e-11	-8.55174678485527	-10.94496488142819	14.305093549000466	-0.057845903090776536	8.146128015380933
38.42340112694606	4.5032309286485024e-8	1.4206314841383979e-11	-8.488615416063393	-10.687469659063444	14.450298528073692	-0.09141607617391304	8.146128012498757
38.882615436705436	4.664672184158223e-8	1.847090212245692e-12	-8.419402421696974	-10.466697336120886	14.60938919903316	-0.13101986408049385	8.146128008915063
39.33780227135718	4.8532744115508215e-8	-1.782977339491234e-11	-8.346352519217957	-10.27259464767243	14.777172635446423	-0.175125431581137	8.146128004476145
39.79583544835183	5.078635415928318e-8	-4.805190784643983e-11	-8.270640123710905	-10.097641037636645	14.95092711145154	-0.22267282056354	8.146127998905447
40.26658199975411	5.3550611130790886e-8	-9.369675074899798e-11	-8.193225745291604	-9.937236450598247	15.12843130623042	-0.2727615767422231	8.14612799178957
40.763072450769876	5.704157672931249e-8	-1.6245779990550503e-10	-8.114612543598806	-9.787375159354948	15.308512635318003	-0.3252148597745218	8.146127982498292
41.30712819595794	6.163628545102229e-8	-2.6799292152094976e-10	-8.034706608672751	-9.644816080032772	15.491368138241064	-0.38017215387174735	8.146127969928981
41.92411767403814	6.790339156594044e-8	-4.3265422838633784e-10	-7.955108873429906	-9.51091680681123	15.67333892302457	-0.43586660081387707	8.146127952395016
42.609305084743276	7.619830944000398e-8	-6.761944528702607e-10	-7.88275998116103	-9.395677134750969	15.838611970264616	-0.4861832199307851	8.14612792877775
43.33300933141865	8.637853472328722e-8	-1.0008228314671819e-9	-7.824451042016921	-9.307361205526371	15.971765726365323	-0.5253427798618409	8.146127899426585
44.07319788235244	9.806814990234269e-8	-1.3947198774084092e-9	-7.781470204362487	-9.245389241330466	16.069934962069276	-0.5521983214196456	8.146127865439748
44.787049489872715	1.1030611711358309e-7	-1.8210635914793736e-9	-7.752131076050306	-9.205222838572539	16.136994537394386	-0.5685005503652544	8.14612782966772
45.480698156640955	1.228929644984791e-7	-2.267913662731131e-9	-7.7313952237061745	-9.178444697851896	16.184445379208846	-0.5781604065767737	8.14612779274919
46.15415205539485	1.356278898217997e-7	-2.7247377893131366e-9	-7.7158275942731045	-9.159623392249076	16.220121829047276	-0.5837922346435003	8.146127755307852
46.81586993304433	1.485521226948598e-7	-3.190903695278452e-9	-7.703026392703403	-9.145172945093524	16.249503339601773	-0.5870749355085595	8.146127717242193
47.48080132305023	1.6190648446312694e-7	-3.6738204636393098e-9	-7.691439229174372	-9.132939551649388	16.276136631211497	-0.5889128144278456	8.146127677851188
48.172141044304695	1.7616386807336326e-7	-4.189703023188902e-9	-7.679922660269511	-9.121514914526555	16.30264133416597	-0.5897469719907125	8.146127635738976
48.90145933375067	1.91618981831851e-7	-4.748377531415019e-9	-7.667748710707801	-9.110072190487951	16.33068816876481	-0.5897677307190252	8.146127590026724
49.70552226588151	2.0917677939956626e-7	-5.381523723864069e-9	-7.653816204918245	-9.097492834504772	16.362810118950108	-0.5890894717877665	8.146127538019506
50.58702238574883	2.2910328781643822e-7	-6.097415331869222e-9	-7.637656472973858	-9.083173633634237	16.400079217336064	-0.587934283161776	8.146127478900045
51.57414392691535	2.5234719171241006e-7	-6.928612885154521e-9	-7.618318862687479	-9.065987404267478	16.44467473262024	-0.5866198387607675	8.14612740981112
52.72610719052977	2.8086864866112e-7	-7.943310569359937e-9	-7.594030561673854	-9.043926159646125	16.500665431190523	-0.5856064623089728	8.14612732485215
54.02743419021485	3.1514522381586345e-7	-9.157165413087106e-9	-7.564620058699142	-9.01617580620795	16.56841742205179	-0.5857675106610569	8.146127222492874
55.48837677710333	3.5657350130785705e-7	-1.0620816732663907e-8	-7.530177202643335	-8.982036743532099	16.64768896225364	-0.5881585466643573	8.146127098429895
57.084544605623165	4.0574622367067396e-7	-1.2360733864410933e-8	-7.493144665080695	-8.943402893553456	16.732833534669567	-0.5933504308524292	8.146126950747055
58.52102822732144	4.535870865481965e-7	-1.4062089538465914e-8	-7.462645726166958	-8.91031478905654	16.802896557923585	-0.5993977258873545	8.146126806702066
59.75148424663382	4.971562277847064e-7	-1.5620791054772086e-8	-7.439765786042203	-8.884969764315501	16.855430828905774	-0.6046943063232352	8.146126675276633
60.906483195482856	5.400447449665156e-7	-1.7163365666411e-8	-7.421243723093977	-8.864297085545052	16.89795011971771	-0.609229130853884	8.146126545728926
62.12913151599397	5.873232625804813e-7	-1.8871880933982342e-8	-7.404544699459221	-8.845665910358846	16.936283383410938	-0.6133338031042398	8.146126402763135
63.422028594256304	6.391666145254448e-7	-2.075305776534315e-8	-7.389648568062038	-8.829133104760096	16.970481130167876	-0.6168926821421485	8.14612624584457
64.83241405027705	6.976108601946646e-7	-2.288113217054213e-8	-7.375965386002324	-8.814057285146896	17.001898791056295	-0.6200197553919122	8.146126068799505
66.4034852081282	7.647309175679427e-7	-2.5332379833388385e-8	-7.363113442064633	-8.799998692098239	17.03141215812913	-0.6228240997006411	8.146125865320988
68.23332069251487	8.452335764003423e-7	-2.8280175493296443e-8	-7.350477871391957	-8.786257516130899	17.060432039549468	-0.6254756114346386	8.146125621102415
70.38915628788706	9.428700509739458e-7	-3.186417481210993e-8	-7.337915383378265	-8.772649605791708	17.08928619578354	-0.628043464422922	8.146125324707649
72.83699024457175	1.0569175769268836e-6	-3.6060406350769926e-8	-7.325839895614339	-8.75959331802981	17.117022477412245	-0.6304850579385424	8.146124978274516
75.59398616280521	1.1889120823519913e-6	-4.0927652686148207e-8	-7.314248146148766	-8.747060724610307	17.143647203114465	-0.6328352212498567	8.146124577088175
78.86886941819206	1.3499749431505322e-6	-4.6879875579655314e-8	-7.302482172044973	-8.734323720891584	17.170670769669577	-0.6352515191387275	8.146124087272566
82.81791656330152	1.549609897183786e-6	-5.427457190048449e-8	-7.290377793265689	-8.721191742979757	17.19846952057153	-0.637787276938427	8.146123479810061
87.65166188837361	1.8010250055736719e-6	-6.361023747288155e-8	-7.277778156680544	-8.707481805714906	17.227402890991428	-0.6404956160184748	8.14612271435184
93.42890741665468	2.110429539044334e-6	-7.512940236901648e-8	-7.264984275805563	-8.693512898807336	17.25677905074615	-0.6433260175418962	8.14612177180387
100.36776637213678	2.493280678120056e-6	-8.942287052037884e-8	-7.251920392354738	-8.679191957574064	17.286771249323404	-0.6463121494633114	8.146120604858021
108.83519748474892	2.9750182195499095e-6	-1.0746273075746578e-7	-7.2383685283165855	-8.664271431637472	17.31787924245312	-0.6495189161051235	8.146119135678232
118.88967810777338	3.5652824513694618e-6	-1.2963868964077327e-7	-7.2246587120607515	-8.64911229526552	17.349345080666232	-0.6528741930762498	8.14611733451648
130.30337526529638	4.256519649035763e-6	-1.556956310069255e-7	-7.211306241432251	-8.634286459936886	17.3799860496909	-0.6562498316683135	8.146115224111645
143.7974432340366	5.099540175097863e-6	-1.8758598382020655e-7	-7.197684667879167	-8.619100016281275	17.41123961516796	-0.6598030882540122	8.146112648965646
159.763145432763	6.129125007535669e-6	-2.2667924876037006e-7	-7.183748414603939	-8.603496136305381	17.44320969372344	-0.6635576799159706	8.146109502314681
178.01237880798965	7.3441717412939634e-6	-2.7299368270238923e-7	-7.1699043036315535	-8.587927739361993	17.474962594821623	-0.6674101683547565	8.146105786990477
199.0870356011729	8.793006225659266e-6	-3.284454330701646e-7	-7.155912340614456	-8.57212386096154	17.50704843654559	-0.67143103739188	8.146101354644848
223.85675520920904	1.0552632174571361e-5	-3.960838491148061e-7	-7.141443873478586	-8.555717356406028	17.540220659337702	-0.675711903528859	8.146095968915375
252.7877366735184	1.2678614203877824e-5	-4.781821745392327e-7	-7.126523503577031	-8.538733883602895	17.574422155941605	-0.6802533267737779	8.146089458737821
286.55267077493784	1.5248023487074548e-5	-5.778913299051807e-7	-7.111110064658379	-8.52112608789089	17.609746591029207	-0.6850733654322853	8.146081586917706
325.64931435566194	1.8332106605789958e-5	-6.981957224365777e-7	-7.095284616177415	-8.50298519869567	17.646007353989294	-0.6901537837976873	8.146072133792858
371.2136898716979	2.206218075185351e-5	-8.445010286825193e-7	-7.07890513835964	-8.484149112286868	17.683528997003794	-0.6955445707569752	8.14606069518506
424.44976992170353	2.6591274140460695e-5	-1.023190733258173e-6	-7.061883129934499	-8.464520760813528	17.722513412539428	-0.7012739116063135	8.146046799710268
486.677881008558	3.210154567006539e-5	-1.2419398669668486e-6	-7.04415076835226	-8.444029785569104	17.76311505914807	-0.7073593715277442	8.1460298858918
559.5632406464339	3.8830933639470564e-5	-1.5108382532366908e-6	-7.025601259288128	-8.422561639344641	17.805577385397076	-0.7138314548477988	8.146009220129336
643.9221960800678	4.696591828503904e-5	-1.8381449062671253e-6	-7.006382009835112	-8.400292125466752	17.84956146565459	-0.7206384577292243	8.14598422591712
742.3275646466847	5.689510556147241e-5	-2.240535321026839e-6	-6.986275642509648	-8.376969332921517	17.89556260771383	-0.7278663903566468	8.145953704643297
856.920076660475	6.90183731965509e-5	-2.735602314519057e-6	-6.965253255430721	-8.352556444715795	17.94364395603788	-0.7355419621340437	8.145916421304626
989.4654127099817	8.375097375634543e-5	-3.3420594529701886e-6	-6.943380107454607	-8.327130177190359	17.993653135140462	-0.7436511854192818	8.14587109193987
1143.19440662676	0.00010174192624917401	-4.088892117816453e-6	-6.920501772443742	-8.300516426935614	18.04593981735895	-0.7522545966640201	8.145815711274226
1321.904845327282	0.00012381819273144307	-5.013439607306309e-6	-6.896453600207907	-8.272533274235553	18.100876215237577	-0.7614123634297869	8.145747723201628
1530.0547132391932	0.00015103819507390507	-6.164074699096937e-6	-6.871066108446069	-8.242993365211849	18.158844165843146	-0.7711892105840951	8.145663854859642
1774.2451001790805	0.00018495901360017695	-7.61219579170428e-6	-6.844032523937187	-8.211542859881842	18.22053630557718	-0.7817192739002539	8.145559291529603
2058.6379251457956	0.0002270798982313495	-9.429309421093815e-6	-6.815421301993414	-8.178258871495606	18.285786020200113	-0.7930052524335532	8.14542939015784
2388.823126656629	0.0002794134176042636	-1.171215690973928e-5	-6.785177299991314	-8.143073661675112	18.354706549390638	-0.8051023305671456	8.145267917890877
2770.928307805023	0.0003444740026057353	-1.4583615578394049e-5	-6.75321786106018	-8.105893917872818	18.4274715871817	-0.8180685435188326	8.145067084702115
3212.7273721219076	0.0004256238449948291	-1.8209777037339137e-5	-6.719349282462007	-8.066506312603517	18.504504666947092	-0.8319944593890541	8.144816472545143
3722.8861209582765	0.0005271808581109829	-2.280759303720172e-5	-6.683371088847982	-8.024694526376264	18.586239604511974	-0.8469701293035269	8.144502697399053
4319.576769812673	0.0006566546123008106	-2.8751561148542177e-5	-6.644569342329024	-7.979642753682608	18.674266201433323	-0.8633166841728207	8.144102492165441
5025.032948424824	0.0008247314027878951	-3.65844929155037e-5	-6.602265135644044	-7.9305663996743805	18.770074488824402	-0.8813831267347677	8.143582734597542
5845.448563323729	0.001040978720333844	-4.682630390780998e-5	-6.5569021010956865	-7.877974069661364	18.872592234415134	-0.9010721937518409	8.14291372299972
6785.547250099894	0.001316907702063141	-6.0120455450578185e-5	-6.508909808596616	-7.822352353473243	18.980768603637852	-0.9222979637622144	8.142059710631248
7864.108372122282	0.001671709818445083	-7.752727740326607e-5	-6.457950545750626	-7.763302671732804	19.095264552836785	-0.9453084796610796	8.140961135429277
9101.988984474998	0.0021314120840691597	-0.00010051908561393772	-6.403684259181219	-7.70043216818051	19.21670855780476	-0.970355997920194	8.139537201147776
10521.473851457313	0.0027312471360296177	-0.00013114040505712052	-6.345854675498207	-7.63345077558503	19.345486876343546	-0.9976623067208596	8.137678507736434
12147.34659975279	0.003519643697354412	-0.00017227342307423322	-6.284317037668985	-7.562200453193544	19.48165871255724	-1.0274069882777845	8.135234650432807
14000.448966363216	0.004559341632266479	-0.0002277795150900649	-6.219318294873858	-7.486976462867915	19.624311426009456	-1.0595861166068532	8.132010722647086
16108.421891087812	0.005938369562826088	-0.0003031995516166026	-6.151093935045654	-7.408058139370056	19.772422214365438	-1.0941973820424047	8.127733229778341
18516.67162891836	0.007789205445031311	-0.0004070091617277463	-6.079613700446942	-7.32540890786871	19.925333656042486	-1.1313849441920867	8.12199056525757
21255.636214538892	0.01027853730284151	-0.000550336563195733	-6.005653251948291	-7.239904894716294	20.080365990062994	-1.1709004727400003	8.114264670641873
24347.98447470682	0.013616312849338208	-0.000747751366492666	-5.930479681736813	-7.152953615032883	20.233486680586104	-1.212262844978888	8.103902893507493
27839.053461715386	0.01809819901494459	-0.0010201827759617052	-5.855224232193996	-7.065749211401849	20.38050835760896	-1.2551338240499885	8.08998607923056
31768.764473682215	0.024087039887381857	-0.0013944003298306557	-5.781750034292149	-6.980258134885954	20.515211902995453	-1.298876641212442	8.071386005141985
36210.6856252978	0.032072427498244536	-0.0019073939268538743	-5.7119712552720125	-6.898417062874426	20.630572831777158	-1.3429674270803114	8.046580271032447
41290.663512078965	0.04272932225854121	-0.002611371692660522	-5.647924013225662	-6.822201676793843	20.718280485190633	-1.3869986702565988	8.013469999429113
47107.36589304016	0.05672882643532563	-0.0035624477823037893	-5.59276391153045	-6.754836074027683	20.767501229001844	-1.4299211252184387	7.969967712011237
53661.98652588967	0.07438397881893107	-0.004795669945305138	-5.549980390603413	-6.70006584228072	20.768603694233313	-1.470015274980223	7.9150986293811565
61035.837173234664	0.09594976409285579	-0.0063435842448730595	-5.520926783538575	-6.659303656928659	20.717146583329416	-1.5064442549313997	7.848069284333416
69342.87612437138	0.12150479194138847	-0.008227154122693757	-5.505581264735838	-6.632553841957292	20.61279185632466	-1.5387364466523767	7.768636026852399
78631.74721387679	0.1506624369798027	-0.010432190208683521	-5.502825505832441	-6.618829687322268	20.460244434518415	-1.5664142896849398	7.678004118750487
88995.69030759006	0.18298701724150504	-0.01293765369267866	-5.5105774068763616	-6.616123199382215	20.266679929329605	-1.5894132027894574	7.5775354846643
100562.66891035685	0.2180715504655493	-0.01572141739931132	-5.526565968684689	-6.622221212010975	20.039558805617048	-1.6078032880041224	7.468508733851266
113585.73229204857	0.25585018567542306	-0.01878594009609054	-5.548920861280919	-6.635248861760037	19.783592849235035	-1.6217248259176957	7.351151598002545
128274.2583067846	0.29608582840673286	-0.02211813216373861	-5.576071460553308	-6.653718155762949	19.503769926207664	-1.6310672587546278	7.226238936770856
144663.52962872304	0.33809230436034504	-0.025663818025835585	-5.606475050011203	-6.676263482884518	19.207476103283838	-1.6356179523203531	7.095961014401539
162964.311107115	0.38169899026254406	-0.029407944049298425	-5.63929545768841	-6.702110286427671	18.89774051498274	-1.6352910229192485	6.960939742287189
183273.77397674203	0.4264772392138315	-0.03331043101260737	-5.673837353362838	-6.7306688081536	18.57873799280594	-1.6299893068556741	6.822645319649411
205896.80978328304	0.4724557860621334	-0.03736830878749767	-5.7099903799776	-6.761872851062034	18.250979169571472	-1.619584822863975	6.681212005633102
231204.12288078252	0.5196884402030485	-0.04157934795080681	-5.747838506289034	-6.79587245041938	17.91463295616977	-1.6038877501104227	6.5368338692372685
259565.15930038088	0.5681021608763794	-0.04592817794207338	-5.78749598508101	-6.83287183062485	17.570845324441578	-1.5827663560344396	6.390313105723999
291198.95101939206	0.6172899711386441	-0.05036711998192618	-5.828956294697028	-6.8729588266708035	17.22331750015281	-1.5563751056508004	6.243780782497074
326347.2776539882	0.66685636625885	-0.0548474760665209	-5.872411827618864	-6.916383570435007	16.875942159230956	-1.5250928513586801	6.0997566475058145
365492.9662083102	0.7166576591083109	-0.0593422485525249	-5.918512215558806	-6.9638376079690305	16.531329912558576	-1.4893007242099465	5.960632709611022
409373.08093633386	0.7666554208169785	-0.06383327876479927	-5.9682876801418425	-7.016413932588143	16.192227524421597	-1.449373595812236	5.829388919823585
457905.67722275824	0.8157588349608478	-0.06820842599816962	-6.021848908978284	-7.074219725066647	15.869448507988423	-1.406666090676599	5.712483525997481
511496.22440341034	0.8634593073566781	-0.07241039543509772	-6.079654038365968	-7.13770170449848	15.570365375325553	-1.3622321873340777	5.614839230374205
570351.1652564369	0.9091072946186226	-0.07637314619191725	-6.141409582440683	-7.206506617151405	15.303016336920761	-1.3172857906261648	5.540768986016944
634989.2893206323	0.9524274428416868	-0.08006768511640854	-6.2063607092174635	-7.279828949138231	15.071930074423552	-1.2726255280098084	5.4919254210126995
706553.5779560773	0.9936073351122091	-0.08350741216888377	-6.273554975729465	-7.356729182758433	14.877478244549428	-1.2284433023855135	5.467270002854893
784822.4534447108	1.0321927455432747	-0.0866550595616859	-6.3403705309084435	-7.4343872921131595	14.720714008115161	-1.1855288148185947	5.463957775522372
869949.9928080346	1.0682591484350523	-0.0895214639219011	-6.40492888980146	-7.510747099168123	14.597569040802234	-1.1440956348349327	5.47714989287769
962766.4455467804	1.1022631631094884	-0.09214884629979266	-6.466506930602139	-7.584985040392005	14.501518176869325	-1.1039143058797065	5.502108185676351
1.064745543075229e6	1.1347902466512534	-0.09458750494795502	-6.525227756770863	-7.657194151014481	14.426025459619321	-1.064584895573448	5.535208361482564
1.1756039088377932e6	1.1657990725920746	-0.09683971607448168	-6.580573955099394	-7.726585013774365	14.366635792400203	-1.026464711415335	5.57320295391979
1.295862642130655e6	1.1955194466675012	-0.09892860675388467	-6.63284718045327	-7.79330535276674	14.31892787937204	-0.9895832355881767	5.613940351690531
1.4258697977119973e6	1.2240978255552482	-0.1008709091918556	-6.6823830894964935	-7.857528835208486	14.27954972913252	-0.9540447972694088	5.6559331590603215
1.5668333469919516e6	1.2518133904655833	-0.10269149524495585	-6.729818141876151	-7.919837740133722	14.245823984552835	-0.9197461441668701	5.698476120854263
1.7181896291800016e6	1.2785602846361723	-0.10438932174139114	-6.775134075528379	-7.979993286697848	14.216236115541799	-0.8870036701759867	5.740676972917073
1.8800397065409888e6	1.3043856119748587	-0.10597380473472803	-6.818553058921828	-8.03811177144636	14.189580737892285	-0.8558760052074262	5.78213256808398
2.052161307156289e6	1.3292893779219443	-0.10745128375000627	-6.86018007284844	-8.094201857238282	14.165101420105973	-0.8264144531816304	5.822542442747851
2.2355154154717075e6	1.3534349962767962	-0.10883716917604791	-6.900360985978562	-8.148637438100483	14.142149766562248	-0.7984339221147991	5.861982418223262
2.4305141113422187e6	1.3768809049167205	-0.11013976066116477	-6.9392401994116355	-8.201554843333591	14.12037056586699	-0.7718474084051345	5.900432925281591
2.636989252845245e6	1.399615542874796	-0.11136301506499592	-6.976813765438412	-8.252911543906757	14.099619426586328	-0.7466371790636929	5.937800933603096
2.8540150736116357e6	1.4215674182110527	-0.11250766534549686	-7.012981641609282	-8.302545807037108	14.07984102981044	-0.7228257008110415	5.973918122794899
3.084307769715543e6	1.4430231810732925	-0.11359248121032373	-7.048223633212528	-8.351099320482836	14.060708509108919	-0.7000539618228165	6.009222110011651
3.326859048784513e6	1.4638861068083868	-0.11461573954492678	-7.082381151522049	-8.398347445459668	14.042274203450882	-0.6783770629945794	6.043530699523606
3.582947828233296e6	1.4842686675344405	-0.11558592985643064	-7.1156377328183344	-8.444539767664498	14.024417227692972	-0.6576317746230926	6.077012088057501
3.850827940346451e6	1.504043451673692	-0.11649981441964934	-7.147786281170787	-8.489385031617054	14.007231002915367	-0.6379013782867522	6.109444217000566
4.1317965027639405e6	1.5233252609624253	-0.11736541019090344	-7.179016985848212	-8.533143342679654	13.990596495447907	-0.6190274025409112	6.141005934700437
4.424727835974065e6	1.5420553436458635	-0.11818252267917356	-7.209232644868784	-8.575676857649903	13.974564010061261	-0.6010270999381928	6.171595445674502
4.73278371671647e6	1.5604429944415108	-0.11896233135893299	-7.238774355272121	-8.617462819183507	13.95894265467465	-0.5836655482898877	6.201550156336777
5.054037574140144e6	1.5783752136633915	-0.11970181086663119	-7.267463977379158	-8.658247894275918	13.943817180239853	-0.5670191976780398	6.230682091555975
5.387507347556274e6	1.5958177813631664	-0.12040148023465591	-7.295251837828612	-8.697956494240273	13.929206132152805	-0.5510889575759009	6.258934511990301
5.732599632762684e6	1.612767246357734	-0.12106310082624457	-7.32213729754553	-8.736581543405224	13.915106969860666	-0.5358488504751286	6.286303347323053
6.091454316910753e6	1.6293481113569779	-0.1216931428509798	-7.348326189004605	-8.774412301711278	13.901400880662974	-0.521161655229254	6.312990400377571
6.463305537420294e6	1.6455377555456505	-0.12229212653917879	-7.373786665767105	-8.811398989019455	13.888102880498717	-0.5070264337050131	6.338961017065566
6.846083667441002e6	1.6612692712899626	-0.12285902375687362	-7.3984242453365034	-8.847394706940513	13.875251182882842	-0.49348095016717053	6.364111225354679
7.243979159586587e6	1.676729565876613	-0.12340179033322254	-7.422540619073172	-8.88283334559773	13.86268047249008	-0.48034634069321513	6.388743417069551
7.652634655409113e6	1.6917635078821374	-0.12391609647675617	-7.4459003677096955	-8.917362541963696	13.850509830820767	-0.46773900301408194	6.412614154933912
8.076746930944979e6	1.70655686404168	-0.12440933387688448	-7.468803561241358	-8.951416623524224	13.838572151447503	-0.45548934279602166	6.436023098844385
8.51329258562393e6	1.7210117275403505	-0.12487912144675807	-7.491107754718745	-8.98477617823035	13.826934645586753	-0.44366736731330203	6.458819959761949
8.964091042002544e6	1.7351991511364624	-0.12532865116986402	-7.512934538042205	-9.017613666520734	13.815523168405203	-0.4322034278718213	6.481122224809454
9.428934525572779e6	1.7491191076547397	-0.12575868797704626	-7.534293321852423	-9.049934805738616	13.804326547448238	-0.4210888484310217	6.502935388394964
9.906267378288975e6	1.7627352394467282	-0.1261688921502644	-7.555142705056126	-9.08166521480224	13.793352731398938	-0.41034328665906417	6.524208742711261
1.0398957289541224e7	1.7761363244901869	-0.12656263493740538	-7.5756309553670995	-9.113019686262604	13.782515217148326	-0.3998892687496908	6.545088266644437
1.0904593693500599e7	1.7892625305269547	-0.12693880103095592	-7.595677081483545	-9.143864360000471	13.771851556664119	-0.3897669892427244	6.565487987431002
1.1427267485499546e7	1.8022227973051714	-0.12730108199162277	-7.6154643288146255	-9.174468054882391	13.761248365084905	-0.37988671582049327	6.585584899556015
1.196156415056927e7	1.8148878543121676	-0.12764644021861143	-7.634803825528786	-9.204528301533298	13.750804865038079	-0.37034257604035725	6.605185710305396
1.2515384686392905e7	1.8274459637225946	-0.12798050943882353	-7.654002427245399	-9.234506721499658	13.740336816877534	-0.3609882653012921	6.624590489432938
1.3082601017594462e7	1.8397565902773063	-0.12829999011281673	-7.672853388086109	-9.264071440151485	13.72995732333694	-0.3519258232858453	6.643590258296085
1.3665417736214267e7	1.8518720060177734	-0.12860675221465487	-7.69145431351177	-9.29335883811088	13.719597501328629	-0.34311274146288273	6.662274417463507
1.426193464727445e7	1.8637564176136887	-0.12890037436764049	-7.709759721507821	-9.322285284741712	13.709281811518668	-0.33457165200751604	6.680596537226286
1.4876070905758772e7	1.875489097828702	-0.1291832456033852	-7.727906033184872	-9.35105113864165	13.69892376497135	-0.3262431061497082	6.698687424101521
1.5503340217533948e7	1.886986065840197	-0.129453764299919	-7.74577217596872	-9.379452478766007	13.688592890476217	-0.31818412266421053	6.716426413618368
1.6148158442558976e7	1.8983302267834468	-0.12971429337260468	-7.763496919806862	-9.407696663445082	13.678207089004358	-0.3103340513297686	6.733950021655994
1.6811714016003076e7	1.9095385730923629	-0.1299655450197855	-7.781116160709355	-9.435829048302288	13.667744106103394	-0.30268015768417594	6.7512928906737795
1.749097283087166e7	1.9205582928326324	-0.1302066773132317	-7.798553917075898	-9.463717278571078	13.657251445017618	-0.2952568239829111	6.768381443937739
1.8190492075169142e7	1.9314608924477217	-0.1304395736105293	-7.815930483231742	-9.491542983788932	13.64665735807408	-0.2880141246954446	6.785333778345356
1.890307744202802e7	1.9421345096056655	-0.13066218766982937	-7.833071429899114	-9.519016622373682	13.63607363466674	-0.2810244750789499	6.801982695861932
1.963291524024129e7	1.9526450833937503	-0.1308762617891633	-7.850084495006486	-9.546302373111168	13.625440954469699	-0.27424119202385855	6.81843680048164
