# This is the file header# problem=SEAS Benchmark BP5-QD
# code=Thrase
# modeler=B. A. Erickson
# date=2023/01/09
# element size=1000 m
#location=on fault, 0km along strike, 8km away from the fault, 0km depth# minimum_time_step=0.1
# maximum_time_step=3.157e6
# num_time_steps=2400
# Column #1 = Time(s)
# Column #2 = Slip_2(m)
# Column #3 = Slip_3(m)
# Column #4 = Slip_rate_2(log10 m/s)
# Column #5 = Slip_rate_3(log10 m/s)
# Column #6 = Shear_stress_2 (MPa)
# Column #7 = Shear_stress_3 (MPa)
# Column #8 = State (log10 s)
t slip_2 slip_3 slip_rate_2 slip_rate_3 shear_stress_2 shear_stress_3 state
# Here is the time-series data.
0.0	0.0	0.0	-9.0	-20.0	13.273061180257438	1.3273061180257436e-10	8.146128033000423
0.07290145234290943	7.290266593093307e-11	1.640384138083704e-18	-8.999985539972855	-16.346198113357993	13.273094475700523	5.980804579750738e-7	8.146128033000418
0.6522666446483425	6.523640055911527e-10	1.315199039758659e-16	-8.999870086819262	-15.394402674785352	13.27336031641065	5.351164426793419e-6	8.14612803300012
2.5476631988883534	2.5491847083226073e-9	2.0362873955060695e-15	-8.9994699315444	-14.788045381565228	13.274281707962826	2.1599096262398915e-5	8.146128032995703
5.956063691248455	5.96506849068078e-9	1.1936918382461634e-14	-8.998578898060481	-14.364540330668072	13.276333388252405	5.71632242717712e-5	8.146128032972488
10.664604849276007	1.0698468283669135e-8	4.4579535693109643e-14	-8.996670944794225	-13.99634904148237	13.280726612387191	0.00013290574065732099	8.146128032895374
13.719677276921962	1.3783953200151296e-8	8.39962752175708e-14	-8.994538197843054	-13.793337214801685	13.28563744264746	0.00021114625339932952	8.14612803280103
15.96984748191578	1.606898997471965e-8	1.270287605407906e-13	-8.991880133864854	-13.648820517718967	13.291757859550037	0.00029284784812384486	8.146128032692872
17.80769255855835	1.7948731646912464e-8	1.7446194468495682e-13	-8.988227750682475	-13.532503460238658	13.300167780402651	0.0003798231314826449	8.146128032562904
19.313785357477677	1.950441336984955e-8	2.2361694786759345e-13	-8.983216472675354	-13.446880566888668	13.311706671966666	0.00045768812550016987	8.146128032409072
20.585150531209056	2.0835669311829958e-8	2.719495510530635e-13	-8.97624501105099	-13.404054426061817	13.327759054018493	0.000497677168814072	8.146128032223285
21.588468194013043	2.1905142738119187e-8	3.107570314373866e-13	-8.96781847300257	-13.443423616525394	13.347161876342723	0.00044646126367850735	8.146128032018064
22.37005940429544	2.2754856698772993e-8	3.3431326710000847e-13	-8.959365044494657	-13.66038626617724	13.366626619000103	0.00026607287052976596	8.14612803180674
23.092393080286516	2.3556182012740326e-8	3.406516933714337e-13	-8.95031910290474	-14.116810739741215	13.387455671103103	-9.124443975909436e-5	8.146128031561698
23.837382246285753	2.4401563553722595e-8	3.159017700058708e-13	-8.939644270871462	-13.191274575796438	13.412035360613594	-0.0007513882248079324	8.14612803125027
24.591459943328932	2.5280413857091584e-8	2.329424537229956e-13	-8.927055030882467	-12.783448132433794	13.441023055395808	-0.0018708511037449206	8.146128030863212
25.332058176298368	2.6170944262391503e-8	5.53635840213596e-14	-8.912434682045678	-12.4835453743034	13.47468732303009	-0.0036174955372101116	8.146128030398106
26.043584999344976	2.7057924227128866e-8	-2.6147131853235143e-13	-8.89567502921623	-12.23540184812074	13.5132769897892	-0.006180645859195016	8.146128029853832
26.729393147969954	2.794906428356187e-8	-7.823392815296906e-13	-8.876325127943511	-12.014929471386933	13.557829775552628	-0.009853393647780163	8.14612802921687
27.38813775732522	2.8847027132952785e-8	-1.594536209758226e-12	-8.854006181040425	-11.811959502123843	13.609216713909877	-0.014992698543727692	8.14612802847479
28.026312000165248	2.9766662336310285e-8	-2.8345029043956924e-12	-8.82795862815144	-11.618310380844923	13.669184436680068	-0.022150873185090948	8.146128027601664
28.643555743782933	3.071580932868247e-8	-4.694763997369411e-12	-8.797497552571608	-11.42981230319973	13.739305655995425	-0.03203686673529902	8.146128026572063
29.24365244071298	3.1711743847809253e-8	-7.48202674827832e-12	-8.761565643126001	-11.24202220462725	13.822006418780362	-0.045720874530523106	8.146128025344122
29.829229071861707	3.277549128883909e-8	-1.1685936527909385e-11	-8.718861709631147	-11.051309574821426	13.92026625780867	-0.0647440223143665	8.146128023860761
30.39866713545745	3.3927218150677506e-8	-1.8063619209290336e-11	-8.668128908437735	-10.855662907474914	14.036947758829973	-0.09114622465665272	8.146128022054384
30.959165113008417	3.521648968058589e-8	-2.802921875522005e-11	-8.60697893943623	-10.650213935832287	14.177485685847094	-0.12834064603198225	8.146128019793533
31.504342147860175	3.667947507050811e-8	-4.375948119980884e-11	-8.534229982842204	-10.435667329040689	14.344485795282406	-0.17998969397976936	8.146128016946133
32.04306448419976	3.841787874482218e-8	-6.963699389053918e-11	-8.44691267446677	-10.208720367967192	14.544563688159503	-0.25170567317688763	8.146128013223993
32.57110252033729	4.053905374757987e-8	-1.128578988302913e-10	-8.344342618263571	-9.974101413679351	14.778978286790151	-0.3466455390353492	8.146128008280542
33.090420482765815	4.323261602537718e-8	-1.8623501286440895e-10	-8.225501687982344	-9.735571399020593	15.04970437426546	-0.46500568022930916	8.146128001532691
33.60516960171604	4.68188852655092e-8	-3.1268290812947393e-10	-8.088734590781163	-9.494218997935809	15.360235369467716	-0.6038282998602896	8.146127991997572
34.1092347438131	5.172956791703062e-8	-5.284143852504697e-10	-7.935140547399942	-9.253174935174455	15.70799955188556	-0.7552426239323645	8.146127978313048
34.609299218782155	5.883209686686278e-8	-9.031020924952817e-10	-7.762344995874353	-9.00786890237494	16.09851537433983	-0.9146647035134376	8.146127957800815
35.104167168061934	6.954606227072944e-8	-1.5598170419511877e-9	-7.570218185401824	-8.756835851027649	16.532404762532686	-1.0757673619265258	8.146127926037648
35.59092918592742	8.633103251121419e-8	-2.7205171265852515e-9	-7.359366119556309	-8.499009621711535	17.0087353936526	-1.2331858211766427	8.146127875354457
36.07539692128634	1.1422405169330355e-7	-4.844781302777927e-9	-7.126752255017048	-8.228656135159598	17.534740945434688	-1.3867413767027639	8.14612779007958
36.55388227561706	1.6243347784494876e-7	-8.808057160096736e-9	-6.875483897526754	-7.948122535914761	18.10383806354268	-1.5315529560352201	8.146127641508569
37.0267116687648	2.491021128156223e-7	-1.6334612143716844e-8	-6.609068650164701	-7.66292223547202	18.709412538992687	-1.652747716889299	8.146127373108206
37.497922882039305	4.1160884300251585e-7	-3.0830752282748624e-8	-6.3283796582055185	-7.376689930341313	19.35137852413226	-1.73141683490565	8.146126868455545
37.96284779863542	7.211746977580791e-7	-5.830700899748199e-8	-6.039138309582112	-7.095720740459776	20.017555310190993	-1.7572299887626568	8.146125905817206
38.42340112694606	1.3229015005576088e-6	-1.098803710473719e-7	-5.744241960893829	-6.821217212952279	20.700733422000916	-1.7338458393174945	8.146124033782288
38.882615436705436	2.511666260746319e-6	-2.0587256788022565e-7	-5.446290884630624	-6.553114735583044	21.393525614939268	-1.6728558155581756	8.14612033552774
39.33780227135718	4.845132099123487e-6	-3.804196777924555e-7	-5.151048418459967	-6.2932525407627695	22.08091574353793	-1.5915231430135834	8.146113078053476
39.79583544835183	9.47391852653748e-6	-6.987084871261844e-7	-4.857067431707815	-6.036067437084177	22.764856699936907	-1.507526362447916	8.146098686573225
40.26658199975411	1.8868155862198964e-5	-1.2935948050846924e-6	-4.5607652076447485	-5.774085053209583	23.45280681304638	-1.4350762616669406	8.146069487737005
40.763072450769876	3.8661091920009854e-5	-2.457882578644402e-6	-4.257407344790737	-5.50062535012884	24.15558878487648	-1.3797475208922934	8.146007983366163
41.30712819595794	8.318216505846825e-5	-4.91405385190614e-6	-3.9387477549008665	-5.208122478737848	24.892583294630338	-1.3387369340484767	8.145869666005456
41.92411767403814	0.00019161351617297997	-1.0564597375183802e-5	-3.5973193888328248	-4.890194204628064	25.68132304504242	-1.3084061538129401	8.145532846134824
42.609305084743276	0.0004608054564898059	-2.39130047441e-5	-3.241938664590214	-4.554713535696885	26.50148665428897	-1.2897197966920917	8.144696760828067
43.33300933141865	0.001105285260826282	-5.4645265389293064e-5	-2.8850882743746946	-4.2126062295227	27.32415837071443	-1.2853720103619943	8.142695248115533
44.07319788235244	0.0026050559553573893	-0.00012425186586284206	-2.526034997807148	-3.863216270540582	28.151013371529096	-1.2951282016951138	8.13803779836356
44.787049489872715	0.005868214813028095	-0.00027316167221281775	-2.1764831867847976	-3.5195574046372027	28.955373320896364	-1.3141802943001109	8.127904609791793
45.480698156640955	0.012884705754432846	-0.0005898651306725333	-1.8366337263435224	-3.1838207489802337	29.736627693142182	-1.3369177606067049	8.106116570149233
46.15415205539485	0.027331525402447345	-0.0012364448068405024	-1.5242110227072907	-2.8748785667097274	30.44930338193442	-1.3580314175660964	8.061256181132464
46.81586993304433	0.05482787141189838	-0.002457672603788107	-1.2611844967408985	-2.6151305486162593	31.02261648709554	-1.3731955016990418	7.97587558652648
47.48080132305023	0.10181132368156312	-0.004529165542114445	-1.0589202537859959	-2.416031275836263	31.386955414118873	-1.3792346791630177	7.82998646892376
48.172141044304695	0.17459467856633112	-0.007715318336589776	-0.9095036765775149	-2.2697117949614363	31.506975157327666	-1.3746704341353277	7.603988746275125
48.90145933375067	0.2777722810840882	-0.012200645624683011	-0.797404318798361	-2.1606027043094054	31.3802369808436	-1.359746136486561	7.2836188704344424
49.70552226588151	0.42144508400716046	-0.01840345332770481	-0.703867725650021	-2.0701252777349577	31.003320185062158	-1.333984100654675	6.837515833263277
50.58702238574883	0.6139228649356148	-0.02664841004476734	-0.6221754043429025	-1.9924631045247172	30.349874293660378	-1.2938061060105637	6.239882410427768
51.57414392691535	0.8705983971246868	-0.03749321820167849	-0.5528010754690682	-1.9317534166485597	29.32658646683707	-1.2254883134511205	5.442938645287582
52.72610719052977	1.2139958739392835	-0.0515174778777954	-0.5052716605711198	-1.9067181886007627	27.748324951715254	-1.1010074146658306	4.376803633570004
54.02743419021485	1.6280094556742049	-0.06710841481518466	-0.49740242083910574	-1.9499357911443744	25.579148300721645	-0.9023036403561625	3.0917255230926766
55.48837677710333	2.074427702219462	-0.08135180969292222	-0.5414974339454655	-2.091353600231029	22.955617345744002	-0.6471915084945493	1.7100099433488503
57.084544605623165	2.484975174331769	-0.09141593565048296	-0.6536063023625766	-2.33479607006537	20.33582624525977	-0.42371325945794086	0.5151311651476264
58.52102822732144	2.7483687273159685	-0.09625968968365778	-0.8385480890624408	-2.639374074777139	18.795630388342033	-0.29732464596183367	0.07496796697679897
59.75148424663382	2.895304285116138	-0.09834990846166602	-1.0081592399687305	-2.908389165943413	18.198731498523436	-0.22898719201900117	0.08056459888343254
60.906483195482856	2.992759100821723	-0.09947015705481975	-1.138293959986521	-3.1196006304081756	17.91975945928088	-0.1870792005316746	0.16033567127490383
62.12913151599397	3.070578461449405	-0.10022300038399203	-1.2537466458383804	-3.3018667841928355	17.730865511816063	-0.15871201203572158	0.2502137935203146
63.422028594256304	3.134321049434012	-0.10075992751804741	-1.3604679455856348	-3.4614648312669765	17.580346947829867	-0.13932548256181937	0.3377916234927644
64.83241405027705	3.1889177076260395	-0.10117173300063659	-1.4638410864865787	-3.6076611910748637	17.4474660736416	-0.12528880239163218	0.423354865099058
66.4034852081282	3.2369167570257313	-0.10150267826257525	-1.5659260514319964	-3.7448709525544794	17.325168655368817	-0.11474468284775456	0.5078918436135804
68.23332069251487	3.280986930845577	-0.10178465648596666	-1.6702498147331621	-3.878878958197982	17.207611270362506	-0.10643671029222718	0.5944261210581392
70.38915628788706	3.321715482708641	-0.10202938829896625	-1.7766094112945159	-4.010060299336334	17.094301374708532	-0.09986204796952868	0.683034399887668
72.83699024457175	3.358029797613809	-0.102236694981431	-1.8800732021823825	-4.1332234931746985	16.989549577343112	-0.09484874178271689	0.7698085810598408
75.59398616280521	3.390404660323517	-0.10241419565158194	-1.9795961164329747	-4.248098535329027	16.893106312464546	-0.09103472744717793	0.853877215875196
78.86886941819206	3.420949486182849	-0.10257640236166235	-2.080015868914621	-4.36091164920069	16.79956411473315	-0.08798370238388722	0.9393896796306312
82.81791656330152	3.4501217387314447	-0.10272741055366355	-2.181996162835023	-4.472691461086377	16.70795465927741	-0.08555157115871738	1.0269712225318077
87.65166188837361	3.478279678050504	-0.10287029773020757	-2.2861789040216856	-4.584366631466294	16.617431900642913	-0.08363271202666715	1.117215028753021
93.42890741665468	3.5047810214710533	-0.10300282648269009	-2.3894811468863457	-4.692889511329107	16.530309324990363	-0.0822001511231725	1.2074318368441173
100.36776637213678	3.5298928124468834	-0.10312718116583199	-2.492038896183882	-4.798769668253757	16.446176543448328	-0.08115853068711372	1.2977526665544927
108.83519748474892	3.554074583107316	-0.10324624036067727	-2.5951011451581665	-4.903569277214212	16.36370642217639	-0.08042916264602008	1.3892344739431917
118.88967810777338	3.576786262112182	-0.10335779964041926	-2.6957348884482295	-5.004558228961735	16.28494386121556	-0.07997659778659369	1.479210898189388
130.30337526529638	3.597385081955063	-0.1034590241770719	-2.7901755133936144	-5.09830635119355	16.212468454708873	-0.07974772567575601	1.5642185454356725
143.7974432340366	3.617017532480815	-0.10355574818107338	-2.8829235176073715	-5.18955197583882	16.14255744040191	-0.07967900134112851	1.6482349744837366
159.763145432763	3.6358114051986035	-0.10364873191370351	-2.9741968132859777	-5.278670637073658	16.074831012884683	-0.07973933184787174	1.7313803058857795
178.01237880798965	3.6533070961279366	-0.1037357656845193	-3.0612856395334314	-5.363174942098723	16.011158046776163	-0.07989754626943955	1.8111455021071325
199.0870356011729	3.6698920251058165	-0.10381879440665641	-3.1457117403653103	-5.444679833414865	15.950207740492747	-0.08013057345204802	1.8888316477954372
223.85675520920904	3.6859591426828517	-0.10389980372088076	-3.229167525167416	-5.524901440651907	15.89070136759655	-0.08042834841064861	1.9659842304682447
252.7877366735184	3.7014692359777577	-0.10397861205034212	-3.311259155304605	-5.6035213863529565	15.832815602907019	-0.08077852573610537	2.0421938941498414
286.55267077493784	3.7164755849220907	-0.10405548899381174	-3.392067727906478	-5.680671324296786	15.776433135903952	-0.0811718089943171	2.1175133686080025
325.64931435566194	3.7309304444957623	-0.10413017690256271	-3.4711586934604757	-5.75597769951987	15.721782532568518	-0.08159861335849132	2.1915043798138365
371.2136898716979	3.7449887477658543	-0.10420346084030893	-3.5492196895799744	-5.830133767650543	15.668334468611679	-0.08205570018685794	2.2647866467489797
424.44976992170353	3.7587237733227754	-0.10427572203583806	-3.6265372206431046	-5.9034409458862624	15.615848241209957	-0.08253950395206099	2.337609099880596
486.677881008558	3.77217056750323	-0.10434712928178046	-3.703207776131337	-5.976017737568381	15.564219848442422	-0.08304574686744208	2.4100448356185
559.5632406464339	3.7853783435257444	-0.10441793742061901	-3.7794262373597425	-6.04807165721561	15.513282592939431	-0.0835715166721991	2.4822610249632646
643.9221960800678	3.798223571253243	-0.10448746732321354	-3.8543902430441808	-6.118868352953179	15.463538381072887	-0.08410673356598712	2.5534806688396015
742.3275646466847	3.810840330345631	-0.10455641796887459	-3.9287974191088524	-6.18908980444062	15.41449389138301	-0.08465193399632778	2.6243515111814606
856.920076660475	3.823228186825016	-0.10462477567924143	-4.002579261343495	-6.258691295602832	15.366167076436087	-0.08520273125314685	2.694794518382152
989.4654127099817	3.835332580769128	-0.10469221266221569	-4.0753426815094285	-6.327326190535317	15.318789558583418	-0.08575134508841721	2.764421108202234
1143.19440662676	3.8472157166083125	-0.10475904561194174	-4.1473987270030745	-6.395304029431756	15.272134104396075	-0.08629674728538703	2.8335160112313926
1321.904845327282	3.8589244497482635	-0.10482551296766983	-4.218979365415121	-6.462854944915669	15.22603214566346	-0.08683827000789966	2.9022921114521076
1530.0547132391932	3.870493806138402	-0.10489179593723566	-4.290253908486577	-6.53014953722582	15.18036116259512	-0.08737485648820319	2.9709051476181494
1774.2451001790805	3.882009473472672	-0.10495837835031409	-4.3617138224816	-6.597653909430138	15.134798925276511	-0.08790965355230586	3.0398246749244158
2058.6379251457956	3.8933907706462034	-0.1050247816724456	-4.432823652784513	-6.664865471369714	15.089680758121734	-0.08843786165972287	3.1085313249461977
2388.823126656629	3.904615920101604	-0.10509085909953374	-4.503405918114631	-6.731614314375065	15.045107758881521	-0.08895838838507181	3.1768474736861716
2770.928307805023	3.915666460512217	-0.1051564790992711	-4.573302230234919	-6.797747266781558	15.001172606842685	-0.08947056329791982	3.2446160209094246
3212.7273721219076	3.926552448149272	-0.10522168132934681	-4.642534281849582	-6.863279288727078	14.95785318971037	-0.08997549807842385	3.3118534758620317
3722.8861209582765	3.9372789558545582	-0.10528647375643946	-4.711094605488459	-6.928195792033981	14.915147515062763	-0.09047453641036607	3.3785490483313145
4319.576769812673	3.947989917836362	-0.10535171850160112	-4.77987174004283	-6.993336061839432	14.872498982447473	-0.0909744892589056	3.445565534440964
5025.032948424824	3.9587876865006497	-0.10541804750501285	-4.849505960003181	-7.059308929604947	14.829506997250194	-0.0914794918807738	3.51352491931759
5845.448563323729	3.9694890585530844	-0.10548433787329037	-4.918794056100446	-7.124981940815334	14.786913705345887	-0.09197920545353237	3.5812526703218044
6785.547250099894	3.9799587222684143	-0.10554972756183295	-4.986827237794164	-7.189504543663216	14.745267081288052	-0.09246456640713106	3.647854438145946
7864.108372122282	3.990240853276529	-0.10561445944716417	-5.053858875036954	-7.2531259061379165	14.704399447207603	-0.09293520489654518	3.7135711229015724
9101.988984474998	4.000363991218533	-0.10567868632397652	-5.120046490338185	-7.316005549462149	14.664204448143003	-0.09338980053016568	3.7785512930638356
10521.473851457313	4.010340640333827	-0.10574245992073665	-5.185444786514471	-7.378196847972741	14.624640427893855	-0.09382814612734786	3.842843862329809
12147.34659975279	4.020179133317252	-0.10580580860349866	-5.250082835726942	-7.439727701769771	14.585685625024805	-0.09425013536973442	3.9064750720562484
14000.448966363216	4.029852842417388	-0.10586853557207083	-5.313760455668961	-7.50040229466211	14.54745543159862	-0.09465535668293491	3.9692448877650834
16108.421891087812	4.039366925004042	-0.10593064775088142	-5.376487397808404	-7.5602220560937585	14.509938146318895	-0.09504535624429715	4.031159598109799
18516.67162891836	4.0487808780293335	-0.10599251257810702	-5.438634113955351	-7.61952937587563	14.472908472141784	-0.09542464515950036	4.09258275211905
21255.636214538892	4.058068479436544	-0.10605394293702457	-5.50000732231243	-7.678131444195528	14.436478479990067	-0.09579374364162811	4.1533215693598216
24347.98447470682	4.06718416230857	-0.10611461794514823	-5.560287616751526	-7.73571847480663	14.400830435038408	-0.09615163613784483	4.213055738019725
27839.053461715386	4.076151540992848	-0.10617467287735534	-5.619614551967614	-7.792421332721947	14.365873429203596	-0.09649954263823539	4.271918725935457
31768.764473682215	4.084967047738485	-0.10623406375059759	-5.677950159789154	-7.84820703330299	14.331621477356974	-0.09683635985979504	4.329868042661434
36210.6856252978	4.093685725202982	-0.10629314233551358	-5.735647264105373	-7.903418529986236	14.297857508957966	-0.0971627277569732	4.387248451476265
41290.663512078965	4.10241565971471	-0.10635263511474025	-5.79340855259705	-7.958733964087668	14.264169275058311	-0.09748124619505683	4.444758188723059
47107.36589304016	4.111165597009118	-0.10641259703549957	-5.85128364833194	-8.01421151547817	14.23052144520409	-0.09778966243460756	4.5024429627686535
53661.98652588967	4.11980322142137	-0.10647211026829881	-5.908385550972367	-8.06900084374468	14.197428403315262	-0.09808314761528877	4.5594179430368404
61035.837173234664	4.1283309097234655	-0.10653117449671547	-5.9647195687528685	-8.123104559741856	14.164882821956484	-0.09836214597545255	4.615685975499142
69342.87612437138	4.1367750763522375	-0.10658995643878826	-6.020451141734486	-8.176676870687626	14.132784618596068	-0.09862840536884086	4.671409709940785
78631.74721387679	4.145089078142071	-0.10664811592456272	-6.075263392040818	-8.229408988419788	14.101313550394984	-0.0988812557403962	4.7262707326320434
88995.69030759006	4.153274252121171	-0.10670564437984671	-6.1291579013961694	-8.281297221540477	14.070463761327742	-0.09912177987792176	4.780267771644871
100562.66891035685	4.161350898261483	-0.10676266740980817	-6.1822616924983285	-8.332464059192425	14.040158414149632	-0.09935040486271227	4.833525705311912
113585.73229204857	4.169400112733334	-0.10681974726689686	-6.235101591967217	-8.383420425430494	14.010092967664326	-0.09956855025001994	4.8865706367859065
128274.2583067846	4.1774401014806095	-0.1068770070422764	-6.287789084321915	-8.434280206039345	13.980202312591489	-0.09977513741129591	4.939513509841468
144663.52962872304	4.185392412807471	-0.10693387540103798	-6.339803566861586	-8.484543821325088	13.95077871571664	-0.09996735366474514	4.991829413591925
162964.311107115	4.193275116152763	-0.10699046761751517	-6.391258225147061	-8.534324312041774	13.921754811056413	-0.10014468246250423	5.043630254574443
183273.77397674203	4.20105287370108	-0.10704651713183537	-6.441917555387321	-8.583392704537262	13.89326150491107	-0.10030649637417756	5.094677827334225
205896.80978328304	4.208767514355297	-0.10710231396231705	-6.492048232039074	-8.632004554541876	13.865148795591496	-0.10045422608259717	5.145240847516493
231204.12288078252	4.216459137682984	-0.10715813345294307	-6.541906426203682	-8.680407419272889	13.837269080843031	-0.10058874583285404	5.195575413130556
259565.15930038088	4.224145497435684	-0.10721409873752186	-6.5915980542838355	-8.728703772581978	13.80956607151999	-0.10071039839145123	5.245790154405595
291198.95101939206	4.231795295337516	-0.10726997146151064	-6.640914959611083	-8.776693255803119	13.782153549127022	-0.10081816486374347	5.29567341026677
326347.2776539882	4.239387172110073	-0.10732558589700218	-6.689713679469611	-8.824239362234284	13.755111777338435	-0.10091098401940954	5.345080369704002
365492.9662083102	4.246946973459225	-0.1073811220014396	-6.738155519811321	-8.87150135786603	13.728349748410746	-0.10098863376303276	5.394173409480898
409373.08093633386	4.25452694315854	-0.10743695411843512	-6.786568411919178	-8.918803849577106	13.701685392821645	-0.10105052023393589	5.443284343022155
457905.67722275824	4.262031895621346	-0.1074923686778118	-6.834338786128326	-8.965548411630298	13.67545620663048	-0.10109558683991193	5.491790498597406
511496.22440341034	4.269461434895594	-0.10754735292233575	-6.881460557568946	-9.011728270893702	13.649665841686467	-0.10112401541985507	5.539685878584122
570351.1652564369	4.276788867070364	-0.1076016933009841	-6.927762596270019	-9.057173856813787	13.624406553183913	-0.10113613064165917	5.5867957310268315
634989.2893206323	4.28402864518002	-0.10765548451604187	-6.973334603822438	-9.101974504939186	13.599629200479622	-0.10113166705117903	5.633211202539922
706553.5779560773	4.291248326622111	-0.10770921751401956	-7.018598709511707	-9.146546842085895	13.575102247556394	-0.10111020171353624	5.679361060947172
784822.4534447108	4.298369554559748	-0.10776229358344519	-7.063061363098249	-9.190406034533208	13.551091636231849	-0.10107170935368369	5.72474123137799
869949.9928080346	4.305368848090864	-0.10781453161661907	-7.1065772146958075	-9.23340991218024	13.52767409803739	-0.10101606209577729	5.769202344548315
962766.4455467804	4.312278725786364	-0.10786615753411524	-7.1493494185316	-9.27575763868636	13.50473893696291	-0.10094341030907142	5.8129511755279415
1.064745543075229e6	4.319161503178853	-0.10791762425734351	-7.1917615995199	-9.31783087344885	13.48208037013379	-0.10085272515161942	5.856380062670204
1.1756039088377932e6	4.325953423832663	-0.10796845108816293	-7.233418654110615	-9.359237069586873	13.459908620714948	-0.10074504518744166	5.8990839340999415
1.295862642130655e6	4.332653349606316	-0.1080186096980531	-7.274314285895289	-9.399970885029658	13.438226208074	-0.1006202398528979	5.941055853030188
1.4258697977119973e6	4.339251769742526	-0.10806802274877901	-7.3143920970237915	-9.439976619138717	13.417061440680396	-0.10047844062833688	5.982237014862918
1.5668333469919516e6	4.345780385538519	-0.10811691796662773	-7.353845863144851	-9.479448637037342	13.396309659918137	-0.10031881741675733	6.022825181928064
1.7181896291800016e6	4.352188499514718	-0.10816490246178734	-7.3923711273627415	-9.518082755846748	13.376131017924763	-0.10014260523844559	6.062507152131033
1.8800397065409888e6	4.358466414879695	-0.1082118950801424	-7.429915206861682	-9.555823672159184	13.356549209406634	-0.09995069153724773	6.101226405816957
2.052161307156289e6	4.364597504023463	-0.10825776208902353	-7.466385722567994	-9.592574815101013	13.337609070382062	-0.09974448479309478	6.138885738870224
2.2355154154717075e6	4.370608984682035	-0.10830270175460233	-7.5019513568240646	-9.628503537768752	13.319219571840442	-0.09952371926795295	6.1756573503901615
2.4305141113422187e6	4.376505532835191	-0.10834674299394635	-7.536646733121871	-9.663641878931623	13.301357969697976	-0.09928893118114886	6.211574237633204
2.636989252845245e6	4.382275996306294	-0.10838979253188893	-7.570411424867519	-9.697925747518415	13.284054381812217	-0.09904129771650959	6.246573276421825
2.8540150736116357e6	4.387894660754071	-0.10843165579391299	-7.603104184244675	-9.7312075146234	13.26737610982519	-0.09878288607727959	6.280505115618369
3.084307769715543e6	4.393428804287622	-0.10847283155547567	-7.63512369911747	-9.763890112183129	13.251115892506391	-0.09851129749474821	6.313781316158251
3.326859048784513e6	4.39884855772928	-0.10851309063361995	-7.6663025272177325	-9.79580018413775	13.235356333269815	-0.09822860610444915	6.346226461421403
3.582947828233296e6	4.4041786918001575	-0.10855261408189447	-7.696788855838709	-9.827086699970357	13.22001995818835	-0.09793417443684292	6.377993271364025
3.850827940346451e6	4.409381726418608	-0.10859112120570168	-7.726375331193052	-9.857534197995392	13.205207537771841	-0.09763069126914448	6.408863636013035
4.1317965027639405e6	4.414483993588852	-0.10862880516775833	-7.7552194456688355	-9.887301565153335	13.190836293813474	-0.09731733580871539	6.4389996099658875
4.424727835974065e6	4.4194665601042615	-0.10866552465217334	-7.783221372128957	-9.916280638379183	13.176952993319132	-0.09699642559325174	6.4682951801134765
4.73278371671647e6	4.424382283710556	-0.10870166746615559	-7.810684312304635	-9.944785456456856	13.163404099270366	-0.09666451351879411	6.497065697244568
5.054037574140144e6	4.429198494083459	-0.10873699142956571	-7.837431006769745	-9.972627635130952	13.150274417732303	-0.09632481583341333	6.525123935086394
5.387507347556274e6	4.433903473495867	-0.10877141054835111	-7.8634044345035905	-9.999744345434314	13.13758759690619	-0.0959788879778785	6.552407565442902
5.732599632762684e6	4.438493963118597	-0.10880490187644803	-7.888594720483529	-10.026121871457237	13.125345242722476	-0.09562767232314821	6.578904355516078
6.091454316910753e6	4.443001672503903	-0.10883769765121112	-7.913183511489157	-10.051946502834799	13.113454997346665	-0.09526955547879155	6.604803015587038
6.463305537420294e6	4.447418795953964	-0.10886974125504632	-7.937134545173167	-10.077177959902	13.101931312001575	-0.09490561406943049	6.630063568294571
6.846083667441002e6	4.451725444313063	-0.10890089023806811	-7.960347853030043	-10.101707100059059	13.090818305603253	-0.09453824766326578	6.65457827877538
7.243979159586587e6	4.455971451858675	-0.10893150608985276	-7.983099191136505	-10.125823388512185	13.079979709846624	-0.09416356077933781	6.6786359013628
7.652634655409113e6	4.460113036565056	-0.10896127424404524	-8.005159690357605	-10.149279589126916	13.0695224285018	-0.0937863900374025	6.701993198385913
8.076746930944979e6	4.46420036827327	-0.10899055669113795	-8.026803430088615	-10.172366531231132	13.059312149002336	-0.09340222060299766	6.724937818738184
8.51329258562393e6	4.468205595372009	-0.1090191549133296	-8.047888278533087	-10.194928945092185	13.049412936050173	-0.0930144254160051	6.747317363020007
8.964091042002544e6	4.472147657804337	-0.10904720512886928	-8.068520024262762	-10.217078126228795	13.039771599062155	-0.09262151544664142	6.769242077407874
9.428934525572779e6	4.476025976240478	-0.10907470460316726	-8.08870109337671	-10.238813404448624	13.030383492387172	-0.09222419782688304	6.790712509616758
9.906267378288975e6	4.4798298800360925	-0.10910157883231686	-8.10838205813315	-10.260078911132293	13.021267825835528	-0.09182404467734968	6.811673885565776
1.0398957289541224e7	4.483583811739036	-0.10912800220876334	-8.127695006344933	-10.281014688450107	13.012359825303076	-0.09141898224367705	6.832264807499916
1.0904593693500599e7	4.487270744308657	-0.10915385632513883	-8.146557576583586	-10.301528836402795	13.003694174664314	-0.09101133549764616	6.852395552760726
1.1427267485499546e7	4.490921146890852	-0.10917935614967922	-8.165130974857345	-10.321795256681103	12.99519265396469	-0.09059796453390477	6.872235758130697
1.196156415056927e7	4.494498457335975	-0.10920424749442324	-8.18323351982829	-10.341611693104436	12.986936529648792	-0.09018380288546246	6.891590257572709
1.2515384686392905e7	4.498055912246321	-0.10922890181916825	-8.20114017717453	-10.361280093338458	12.978795357889386	-0.08976240262710132	6.910750115102102
1.3082601017594462e7	4.501553832740126	-0.10925304475786063	-8.21865456542189	-10.380579957409282	12.970856767152148	-0.0893394494042359	6.929504251109893
1.3665417736214267e7	4.505007144810044	-0.10927678115111339	-8.235857290150678	-10.39960049866069	12.963079527693582	-0.08891294123073741	6.9479362585192845
1.426193464727445e7	4.508405777930163	-0.10930004336441435	-8.25270266100177	-10.418286211671091	12.955481933320733	-0.08848507480011256	6.965995818082846
1.4876070905758772e7	4.511772608822076	-0.1093229893810159	-8.269308889240897	-10.43676742022605	12.948007050832453	-0.08805304847800435	6.983807567718237
1.5503340217533948e7	4.515083777559289	-0.10934545819344185	-8.285562920461047	-10.454915814105737	12.940702652458453	-0.08762034615693186	7.0012484434806534
1.6148158442558976e7	4.51836341841209	-0.10936761557686701	-8.301587212003891	-10.472863342351163	12.933511700605774	-0.0871847105333099	7.01844868627996
1.6811714016003076e7	4.52161685829738	-0.10938949791631454	-8.31741178412162	-10.490644492273853	12.926417085075059	-0.08674520079472864	7.035438412302339
1.749097283087166e7	4.524829130114765	-0.10941100580352102	-8.332966667825934	-10.508176130621212	12.919449309318626	-0.08630471832681436	7.052142003121053
1.8190492075169142e7	4.528021430715682	-0.10943228197811454	-8.348358675681009	-10.525578903077685	12.912556911709128	-0.08586022481119396	7.068672066018328
1.890307744202802e7	4.531161274676774	-0.10945311159078551	-8.363434047737671	-10.542673872118668	12.905808191544729	-0.08541721000058537	7.084863155979623
1.963291524024129e7	4.5342682095658216	-0.10947362679495566	-8.378290853598436	-10.559570280072037	12.899156825193563	-0.08497318488460404	7.100819200061474
