# This is the file header# problem=SEAS Benchmark BP5-QD
# code=Thrase
# modeler=B. A. Erickson
# date=2023/01/09
# element size=1000 m
#location=on fault, 0km along strike, 8km away from the fault, 0km depth# minimum_time_step=0.1
# maximum_time_step=3.157e6
# num_time_steps=2400
# Column #1 = Time(s)
# Column #2 = Slip_2(m)
# Column #3 = Slip_3(m)
# Column #4 = Slip_rate_2(log10 m/s)
# Column #5 = Slip_rate_3(log10 m/s)
# Column #6 = Shear_stress_2 (MPa)
# Column #7 = Shear_stress_3 (MPa)
# Column #8 = State (log10 s)
t slip_2 slip_3 slip_rate_2 slip_rate_3 shear_stress_2 shear_stress_3 state
# Here is the time-series data.
0.0	0.0	0.0	-9.0	-20.0	19.490040931338385	1.9490040931338383e-10	8.14612803300041
0.07290145234290943	7.456955452498828e-11	-6.061923910506409e-17	-8.980438550755903	-14.772797688810112	19.494545121659982	-3.144517151729835e-5	8.146128032995234
0.6522666446483425	8.019626290366246e-10	-6.139561993636729e-15	-8.826815705739957	-13.670550640340279	19.529918088565292	-0.00027987588971454435	8.146128032536033
2.5476631988883534	6.171144673285824e-9	-2.1602063859089301e-13	-8.311801698789996	-12.56405409292341	19.648504427344587	-0.0010992009749549486	8.146128021759992
5.956063691248455	8.207099222039373e-8	-8.671864608756954e-12	-7.172351640439739	-11.038300791927915	19.91087229241656	-0.0027110725225681833	8.146127796884025
10.664604849276007	1.415588944322838e-5	-3.548080189129449e-9	-4.667496223097359	-8.229020920262338	20.48765968248987	-0.0056229944435324435	8.146084153048585
13.719677276921962	0.008443636515857255	-2.950407113390599e-6	-1.8077227428889644	-5.245787383271402	21.17288952180055	-0.0077217456308880834	8.119935040146512
15.96984748191578	0.09159814795497165	-3.801526096614463e-5	-1.2331121519041288	-4.5572861091290084	21.058089141910504	-0.009982630643716715	7.861981130511236
17.80769255855835	0.24619535249203223	-0.00012731994362663604	-0.9339729675115955	-4.0983395302560295	20.566780486870744	-0.0140863913560751	7.382404548096705
19.313785357477677	0.48339364145143165	-0.0003291998708525845	-0.6820838992932611	-3.674006867913762	19.777250448482246	-0.020148510436902984	6.646590715251558
20.585150531209056	0.8272410748296285	-0.0007645356576794541	-0.4619803007084824	-3.2814261260720676	18.62049241955666	-0.02821924150749288	5.579940034337742
21.588468194013043	1.2516468507953449	-0.0015417704228503732	-0.29528767172018555	-2.9613710315315007	17.13209239147033	-0.036959581758725456	4.263394038972566
22.37005940429544	1.69636209690826	-0.002673569835718203	-0.20466290851084434	-2.732557160164219	15.314417558227579	-0.04541572302447729	2.8839645484674796
23.092393080286516	2.170876051416981	-0.0043201047672264915	-0.16695313626034322	-2.5683016559085776	13.048719402813049	-0.05178683536630029	1.4153479970878076
23.837382246285753	2.6828384234358578	-0.006586789025256349	-0.17022755927545544	-2.4846335204322134	10.476248828897827	-0.05079252978681237	-0.060129376451638794
24.591459943328932	3.135466472138945	-0.008922082080821063	-0.2901064810709101	-2.559010598618845	8.828644193285898	-0.04753241682837754	-0.5617351482186294
25.332058176298368	3.4746251598862203	-0.010706563625512044	-0.3798528575643698	-2.6851484808168173	8.464949639751847	-0.04191107066058144	-0.5040425280032976
26.043584999344976	3.751197009430378	-0.011950725645116964	-0.4407845743126341	-2.837777793493664	8.30361331425204	-0.03328694185600854	-0.44318001977714466
26.729393147969954	3.9842552058093577	-0.0127825431209777	-0.49711468174881285	-3.0031369309678952	8.17976031695911	-0.025510462300114892	-0.389341930722341
27.38813775732522	4.181504419057695	-0.013315436950666336	-0.5509003380106949	-3.1976193311765604	8.082611351966442	-0.018231932459219422	-0.3391376906550738
28.026312000165248	4.350563020942332	-0.013621691042431225	-0.6035426077101098	-3.478256949958474	8.005397029361323	-0.010682392558724234	-0.29086083046550903
28.643555743782933	4.495598877276975	-0.013748273554065604	-0.6550153898961077	-4.065289590777093	7.945346146346749	-0.0030891473300838287	-0.24420630840646027
29.24365244071298	4.620976378492437	-0.013740300711648749	-0.7055796777333838	-3.9803765407970797	7.899491810890348	0.004195679348236057	-0.19888525369839102
29.829229071861707	4.7299415192853465	-0.013635358765403525	-0.7556451760562021	-3.607242301155752	7.8651356912709325	0.01106901802042127	-0.15466726926103858
30.39866713545745	4.8244084924743555	-0.01346418126246612	-0.8053604148657569	-3.458048189341629	7.840319549669996	0.017443996433471616	-0.11156062569840047
30.959165113008417	4.907293866821765	-0.013248963190233798	-0.8555295483279626	-3.38277222267761	7.823431234390455	0.023235637651696853	-0.06890958927580107
31.504342147860175	4.97913129516979	-0.013012610499183059	-0.9055060294734699	-3.348593900481814	7.813864599673021	0.028169426830935165	-0.027180723319418936
32.04306448419976	5.042375117870587	-0.012768066911124386	-0.9557926986198281	-3.34119202532919	7.810893106649091	0.03215891351560122	0.0142071521278306
32.57110252033729	5.097615549871778	-0.01252992469190125	-1.0055332097496807	-3.3533183376685685	7.814018118625571	0.03508239919440153	0.05473936878311419
33.090420482765815	5.146107972463723	-0.012306114165711993	-1.0543916078507334	-3.380127131882591	7.82254707232066	0.03694984842412602	0.09432968788974304
33.60516960171604	5.189103723246549	-0.012100398543072191	-1.102252859305949	-3.418599877442231	7.8358157195599425	0.0378213647305436	0.1330505354626636
34.1092347438131	5.226895910539165	-0.011917932260083669	-1.1481195156992232	-3.465892683236551	7.852835802619012	0.03777925149859641	0.1702302926708011
34.609299218782155	5.260694172990128	-0.011757038172345038	-1.1922610147434918	-3.520920205035293	7.873006782352478	0.03693868538986952	0.20619492630708638
35.104167168061934	5.290979150424901	-0.011617818003198012	-1.2343052779278068	-3.582516963718033	7.895558610812831	0.0354136895664449	0.2407263792620214
35.59092918592742	5.318095582863798	-0.011499735363415104	-1.2738403564600578	-3.6496761515885043	7.91968630167943	0.03333282977266471	0.27354903157850585
36.07539692128634	5.342795465446524	-0.01139974735166061	-1.3112226257696953	-3.7231077172071148	7.945119021875206	0.030776222713703533	0.30501082165667626
36.55388227561706	5.3652422326371765	-0.011316922921772683	-1.3460809821335338	-3.802792980565793	7.971214940563208	0.027849187004669238	0.3348508421088543
37.0267116687648	5.385771844328645	-0.011249346110498876	-1.3783963811340894	-3.890048328333243	7.997624845795077	0.024621192354249186	0.3631015601260749
37.497922882039305	5.404814175596726	-0.01119488693539456	-1.408382759945321	-3.988268883827256	8.024293914183641	0.021111578369744154	0.3900122226206884
37.96284779863542	5.422401713115042	-0.011152673058692464	-1.4357400193722332	-4.101281162037342	8.05071213812338	0.017389742675706244	0.4153363914955601
38.42340112694606	5.438805099222726	-0.011121206750014798	-1.4607244181068924	-4.238587973647409	8.076738968427756	0.013470151851558892	0.43922352214528027
38.882615436705436	5.4542819383299666	-0.011099310632424472	-1.4837438149298832	-4.421709060370131	8.102302415332426	0.009346375033647929	0.4618775497545295
39.33780227135718	5.468860907630801	-0.011086311785971	-1.5050424354391385	-4.71129979656087	8.127021829415062	0.005054451866995764	0.48323649481282327
39.79583544835183	5.482844881874578	-0.011081453393640998	-1.5254304739938513	-5.713591954816172	8.151052468230603	0.0005285087816195116	0.5037078263901362
40.26658199975411	5.496558408141315	-0.011084603022922745	-1.5458785806565138	-4.8187706742973795	8.174692770355426	-0.004360932312551122	0.5237971548134059
40.763072450769876	5.510340112422628	-0.011096462291645194	-1.5674502491689875	-4.488309896349054	8.198406338036053	-0.009837161293583082	0.5440996098626342
41.30712819595794	5.524670189567801	-0.01111915515684736	-1.5915279167372691	-4.293716168693367	8.223063300861222	-0.016324706485443714	0.5655036384321638
41.92411767403814	5.539976996885709	-0.01115683958707948	-1.6194664651229478	-4.147130737807612	8.24971971565879	-0.024477943102290903	0.5889492374543785
42.609305084743276	5.555858240551126	-0.011213423925997288	-1.6503636957816825	-4.026972572733659	8.278483474348702	-0.03478098757331714	0.6141622284441354
43.33300933141865	5.5714883817754215	-0.011290412874854135	-1.6801679842195403	-3.923953282429327	8.309076648254742	-0.047398813124126755	0.6398593527489944
44.07319788235244	5.586517821976932	-0.01138910374691908	-1.7028972337567967	-3.82847527559078	8.341898260458809	-0.06247220672885493	0.664803165300993
44.787049489872715	5.60048447187769	-0.011507218784976975	-1.7113668653983685	-3.7346566895411617	8.376112178307979	-0.07938759782765283	0.6868499313863102
45.480698156640955	5.614075933321649	-0.011650802080730379	-1.7007851609492708	-3.6329745250097614	8.412435021684466	-0.0983404879045342	0.7053006680522887
46.15415205539485	5.627946106600182	-0.011829699963158167	-1.6677679227701403	-3.51779780507515	8.450651737368581	-0.1193604154946894	0.7189667030073897
46.81586993304433	5.643067011574304	-0.012063638557816392	-1.6108950813513483	-3.3853674194002155	8.490147552897303	-0.14270621911010417	0.7264029041328619
47.48080132305023	5.660890466755789	-0.012390255171719367	-1.5302542334581033	-3.233684006511078	8.529447707796527	-0.16884614049268534	0.7252872410280454
48.172141044304695	5.68383641772664	-0.012884203784717769	-1.427204289223154	-3.0624774335961082	8.565049277470038	-0.19836119755594844	0.7113581873129582
48.90145933375067	5.715183373226497	-0.013670468925331594	-1.3083008325767544	-2.87949729880779	8.588225844164805	-0.23051913979771577	0.6778251409350381
49.70552226588151	5.761224545054148	-0.015001251478247378	-1.181271196184129	-2.694150305117764	8.582799195710157	-0.26348132750944436	0.6135168996635703
50.58702238574883	5.828124526563919	-0.017177810942896016	-1.0665675165947357	-2.5349580150468634	8.52257077779856	-0.2898545473701079	0.5104800198747613
51.57414392691535	5.922204974119563	-0.020490200673091492	-0.9857726900918359	-2.4289120413730694	8.38587366187244	-0.30227968705851105	0.3738291537287517
52.72610719052977	6.046058241479663	-0.025004870035976966	-0.9645085731846392	-2.400719808005631	8.183548635904032	-0.2997301513614325	0.2399579817126728
54.02743419021485	6.179620840762223	-0.02988704634882163	-1.0276896311748336	-2.466252794299834	7.9993890930047975	-0.2914027583671796	0.18100958895650782
55.48837677710333	6.295786659987872	-0.03409716112912962	-1.193446832628781	-2.6373928047728867	7.900131951053794	-0.2842420802806071	0.22529303678737045
57.084544605623165	6.370566834214526	-0.03675905748856089	-1.514780311066039	-2.9706787358028786	7.894222153698996	-0.27631910854089825	0.3542989729870377
58.52102822732144	6.398136551729978	-0.03771069770770832	-1.9983886997756648	-3.469530644782061	7.944832753100126	-0.26849908762917385	0.5029198647490882
59.75148424663382	6.405225534432254	-0.037947374303465745	-2.5505632992985205	-4.0347831527824995	7.998072139497786	-0.26228017423392047	0.6265886635968583
60.906483195482856	6.4070910550622795	-0.0380079355853333	-3.0810268551517717	-4.575859488974167	8.039186737452058	-0.2572642754877169	0.7263380915664299
62.12913151599397	6.4076820630186475	-0.038026678464703347	-3.58850182782324	-5.0927102408380325	8.072045014819993	-0.2527988896653099	0.8144703862899227
63.422028594256304	6.40788371950225	-0.03803294319867962	-4.055962556152214	-5.568398559249232	8.098391289230548	-0.24886438756034945	0.8924331160641816
64.83241405027705	6.407960611927752	-0.038035288681263345	-4.49766661442804	-6.0175712585068935	8.120734162058186	-0.24529610359311152	0.964347179640708
66.4034852081282	6.407992058812232	-0.03803623201885467	-4.924276595031766	-6.451114527028691	8.140468036509787	-0.24199781424062589	1.032647370220031
68.23332069251487	6.408005716111495	-0.038036635308886	-5.354908960553664	-6.888464834108564	8.158891136449006	-0.23882251353569017	1.1006950709572294
70.38915628788706	6.4080116379790475	-0.038036807523493366	-5.79333118633222	-7.333441504739532	8.176368527914365	-0.23574915213528547	1.169224122002034
72.83699024457175	6.408014109008656	-0.038036878333711784	-6.22341191146266	-7.769685693888564	8.192458467550852	-0.2328844365114552	1.2358373424587878
75.59398616280521	6.408015153790177	-0.03803690786194395	-6.643138729932165	-8.195193270592767	8.207315055158068	-0.2302218632141765	1.3003584213307406
78.86886941819206	6.408015620139075	-0.03803692086895291	-7.074941754817823	-8.63272417361303	8.221858402282507	-0.22760802704772218	1.3663091647670516
82.81791656330152	6.408015824662798	-0.03803692649873497	-7.5236581823279	-9.087182678298314	8.236298313536716	-0.22501298040318363	1.4344558400274743
87.65166188837361	6.408015911835453	-0.038036928866711096	-7.993885670966116	-9.563220019471887	8.250807929446845	-0.22241400412521836	1.5055114707702253
93.42890741665468	6.408015946821615	-0.038036929804547266	-8.472591758345754	-10.047653120702368	8.265036449543556	-0.21987882668998995	1.5775364191998194
100.36776637213678	6.408015960645145	-0.03803693017027388	-8.960794690177112	-10.541530728120799	8.279081216684295	-0.2173932749304684	1.6507225637956804
108.83519748474892	6.408015966042394	-0.0380369303112149	-9.464452905254713	-11.050893097468247	8.293168227587786	-0.21492170783840414	1.7259946298239763
118.88967810777338	6.4080159680508215	-0.038036930362984396	-9.968714541002443	-11.560729905986951	8.306930792976363	-0.2125324395467533	1.8011610943821146
130.30337526529638	6.408015968779163	-0.038036930381524205	-10.45295154879119	-12.050205848986407	8.319888570027079	-0.21031159134907554	1.873194682164247
143.7974432340366	6.408015969061097	-0.03803693038861535	-10.938716620814679	-12.541124575315898	8.332672599489271	-0.20814997531484844	1.945332723144732
159.763145432763	6.4080159691699246	-0.03803693039132049	-11.426059680077774	-13.033547998964044	8.34533116916118	-0.2060417627049282	2.017609710179603
178.01237880798965	6.4080159692109975	-0.038036930392329776	-11.899389895911822	-13.511738980475714	8.357499561872256	-0.20404562056260103	2.0877365236419685
199.0870356011729	6.408015969227063	-0.03803693039272022	-12.365462600022836	-13.982539332291177	8.369391294523512	-0.2021236539175596	2.1567368950175325
223.85675520920904	6.40801596923351	-0.03803693039287522	-12.832880717709326	-14.454656218897146	8.381266601075724	-0.20023230841397407	2.225907896070477
252.7877366735184	6.408015969236081	-0.03803693039293637	-13.298690543403687	-14.925119311473848	8.393071942040152	-0.19837739255502512	2.294824769387222
286.55267077493784	6.40801596923711	-0.03803693039296056	-13.762700515561432	-15.393749590170616	8.404831568039203	-0.19655311910452666	2.363475916833641
325.64931435566194	6.408015969237521	-0.03803693039297014	-14.221721425534598	-15.857337385708414	8.416487835712463	-0.19476680493467607	2.431402822142968
371.2136898716979	6.408015969237687	-0.03803693039297398	-14.679161065854602	-16.31933521581916	8.428147472921843	-0.19300029649014336	2.499121387833636
424.44976992170353	6.408015969237755	-0.03803693039297553	-15.136219468596238	-16.780963054070707	8.439859774259515	-0.19124568518284085	2.5668200436691366
486.677881008558	6.408015969237782	-0.038036930392976155	-15.59306576254958	-17.242394821515482	8.451640646839822	-0.18950119987133154	2.6345305208839997
559.5632406464339	6.408015969237794	-0.038036930392976405	-16.050504818660592	-17.70443966886381	8.463519754149557	-0.18776565734333872	2.7023772887209123
643.9221960800678	6.408015969237798	-0.0380369303929765	-16.503383006878583	-18.161880654945215	8.47536453695344	-0.1860633083602509	2.7695967555915946
742.3275646466847	6.408015969237799	-0.038036930392976544	-16.955615193254005	-18.618656171607565	8.487274948353758	-0.1843857241091496	2.8367686497645153
856.920076660475	6.408015969237799	-0.03803693039297656	-17.406536709747662	-19.0740785789456	8.49923027844549	-0.1827417278828383	2.903792457544021
989.4654127099817	6.408015969237799	-0.03803693039297656	-17.85349241428818	-19.525454309529906	8.511158557789155	-0.1811451814148778	2.9702726500347576
1143.19440662676	6.408015969237799	-0.03803693039297656	-18.298152074581633	-19.974462822457593	8.523103271803462	-0.1795920065649919	3.0364569699859163
1321.904845327282	6.408015969237799	-0.03803693039297656	-18.741742280148095	-20.422341212139308	8.535100332571744	-0.1780777659923628	3.102529683872525
1530.0547132391932	6.408015969237799	-0.03803693039297656	-19.185137779089832	-20.86997644148319	8.547178612314378	-0.17659732352587318	3.1686240652262416
1774.2451001790805	6.408015969237799	-0.03803693039297656	-19.631250075042836	-21.3203177559779	8.559427482335433	-0.17513664902959222	3.235179878957008
2058.6379251457956	6.408015969237799	-0.03803693039297656	-20.07658853569612	-21.76985646668396	8.571764004299556	-0.17370098238634102	3.3016837450177543
2388.823126656629	6.408015969237799	-0.03803693039297656	-20.519860170400264	-22.217311201192974	8.584168175565146	-0.1722848887021594	3.3679516132877643
2770.928307805023	6.408015969237799	-0.03803693039297656	-20.959892135394682	-22.661525283476394	8.596625012242926	-0.1708814163431308	3.433818343715771
3212.7273721219076	6.408015969237799	-0.03803693039297656	-21.39664664747265	-23.10248878689581	8.609151590748555	-0.16947990643207547	3.4992886602761772
3722.8861209582765	6.408015969237799	-0.03803693039297656	-21.82991876129369	-23.540019431602822	8.62175946354605	-0.16807194738263165	3.5643418305726593
4319.576769812673	6.408015969237799	-0.03803693039297656	-22.26521156288408	-23.97969214871611	8.634622984757268	-0.16663368316725757	3.629812280517859
5025.032948424824	6.408015969237799	-0.03803693039297656	-22.706493380678474	-24.425524967418298	8.647872880376282	-0.1651496700392581	3.6963046475816372
5845.448563323729	6.408015969237799	-0.03803693039297656	-23.146078654092033	-24.86974938296003	8.661286011444806	-0.16364835765438795	3.762665327092
6785.547250099894	6.408015969237799	-0.03803693039297656	-23.578142442958132	-25.306458913961674	8.674675979144517	-0.16215740688087518	3.828010044903532
7864.108372122282	6.408015969237799	-0.03803693039297656	-24.004247538443877	-25.73720693921228	8.688076423892738	-0.160680891159348	3.892566688094484
9101.988984474998	6.408015969237799	-0.03803693039297656	-24.425350877061884	-26.162936354295923	8.701506617468127	-0.15922416409194068	3.9564740563023446
10521.473851457313	6.408015969237799	-0.03803693039297656	-24.841757602797106	-26.583939662869486	8.71496929586097	-0.1577915714319668	4.019774457048049
12147.34659975279	6.408015969237799	-0.03803693039297656	-25.253604771465024	-27.000348870969987	8.728467857243634	-0.15638457617735477	4.082488138292899
14000.448966363216	6.408015969237799	-0.03803693039297656	-25.65955301595222	-27.410814851271716	8.741961717536247	-0.1550054845264877	4.144413035316717
16108.421891087812	6.408015969237799	-0.03803693039297656	-26.059590224557212	-27.815339490738914	8.755456473612934	-0.1536489253846427	4.205550709952542
18516.67162891836	6.408015969237799	-0.03803693039297656	-26.456011569536127	-28.216261884706732	8.769037247207091	-0.1523005948574891	4.266256318508794
21255.636214538892	6.408015969237799	-0.03803693039297656	-26.847513006751974	-28.61228249172901	8.782669711802088	-0.15095832406259363	4.326336090027998
24347.98447470682	6.408015969237799	-0.03803693039297656	-27.231998358968063	-29.001292785578123	8.796283288684375	-0.14962521276441895	4.385469698566732
27839.053461715386	6.408015969237799	-0.03803693039297656	-27.610313783773368	-29.38415153275839	8.809905460358886	-0.14829738706287793	4.4437858359522435
31768.764473682215	6.408015969237799	-0.03803693039297656	-27.9821880655528	-29.760576181591915	8.823520448318792	-0.14697848971687136	4.5012392371417285
36210.6856252978	6.408015969237799	-0.03803693039297656	-28.349853975853627	-30.132811210008807	8.837199961699174	-0.1456657495236313	4.5581690937272565
41290.663512078965	6.408015969237799	-0.03803693039297656	-28.717777348114044	-30.505362798647788	8.851109213937239	-0.1443484912754537	4.615266404186931
47107.36589304016	6.408015969237799	-0.03803693039297656	-29.086235740200408	-30.878497356825225	8.865261123478593	-0.14303091453318587	4.672575696471308
53661.98652588967	6.408015969237799	-0.03803693039297656	-29.449556672104073	-31.24646423843772	8.879440636654403	-0.14173530473109705	4.7292163307022
61035.837173234664	6.408015969237799	-0.03803693039297656	-29.807736175831668	-31.60926122810992	8.893649771484618	-0.14046074605072376	4.785188930884514
69342.87612437138	6.408015969237799	-0.03803693039297656	-30.161786448940017	-31.967920360386657	8.907931595147465	-0.13920119447523188	4.840653331447922
78631.74721387679	6.408015969237799	-0.03803693039297656	-30.509655647944882	-32.320373826771544	8.922207714587875	-0.1379603065940569	4.895290592097996
88995.69030759006	6.408015969237799	-0.03803693039297656	-30.851326076062502	-32.666611029163676	8.936476608073587	-0.13673552731087488	4.949097443857355
100562.66891035685	6.408015969237799	-0.03803693039297656	-31.187582369140873	-33.00742968213214	8.95076942137691	-0.1355230155053328	5.002196499672974
113585.73229204857	6.408015969237799	-0.03803693039297656	-31.521745924477965	-33.346191024862065	8.965225237627436	-0.134312398499861	5.055111048166107
128274.2583067846	6.408015969237799	-0.03803693039297656	-31.854501948811137	-33.68358155758668	8.979876339692957	-0.1331038897844001	5.1079511432847005
144663.52962872304	6.408015969237799	-0.03803693039297656	-32.18254823761361	-34.016243969710004	8.994576645794458	-0.1319122095242694	5.160192033132631
162964.311107115	6.408015969237799	-0.03803693039297656	-32.5065902884692	-34.344886396125396	9.009354596562535	-0.13073671636910975	5.211944240933284
183273.77397674203	6.408015969237799	-0.03803693039297656	-32.82512984941936	-34.66798611313058	9.024141877879549	-0.12958348361374009	5.262968491146236
205896.80978328304	6.408015969237799	-0.03803693039297656	-33.13982820994482	-34.987231197034646	9.039018020927804	-0.12844531411397428	5.313532272860704
231204.12288078252	6.408015969237799	-0.03803693039297656	-33.45225932605469	-35.30422197984791	9.054061933330642	-0.1273153613828915	5.363891075460032
259565.15930038088	6.408015969237799	-0.03803693039297656	-33.763056000053844	-35.6196060905293	9.069315200066624	-0.1261898445620264	5.414153318270301
291198.95101939206	6.408015969237799	-0.03803693039297656	-34.07089451686542	-35.93203961253028	9.084716154186003	-0.12507377757837193	5.46410683902622
326347.2776539882	6.408015969237799	-0.03803693039297656	-34.37487036430238	-36.24059959001212	9.100221435326512	-0.12397175074504584	5.513605963562836
365492.9662083102	6.408015969237799	-0.03803693039297656	-34.67597967185449	-36.54629042538569	9.115881874174663	-0.12288190495684978	5.562812922431874
409373.08093633386	6.408015969237799	-0.03803693039297656	-34.976237853569366	-36.851152824713814	9.131807789897163	-0.12179845814226126	5.612060266124327
457905.67722275824	6.408015969237799	-0.03803693039297656	-35.271816371019625	-37.151299411876586	9.14780167745591	-0.1207351427025612	5.660723268028609
511496.22440341034	6.408015969237799	-0.03803693039297656	-35.562669435104695	-37.4466827798618	9.163862469698005	-0.11969202592173035	5.708795200387943
570351.1652564369	6.408015969237799	-0.03803693039297656	-35.847736536780346	-37.7362280032229	9.179930232999709	-0.11867190504146606	5.756099975366506
634989.2893206323	6.408015969237799	-0.03803693039297656	-36.127573001566994	-38.02049744585993	9.196033874946785	-0.11767280828319099	5.802728354050561
706553.5779560773	6.408015969237799	-0.03803693039297656	-36.404765773462934	-38.30211450125791	9.212321424587813	-0.1166864304638401	5.849110907819256
784822.4534447108	6.408015969237799	-0.03803693039297656	-36.67628765054273	-38.5780001983744	9.228614214352097	-0.11572413510009623	5.894740637412353
869949.9928080346	6.408015969237799	-0.03803693039297656	-36.94126374121445	-38.84725912748242	9.244852839879993	-0.11479014808777113	5.939466518966532
962766.4455467804	6.408015969237799	-0.03803693039297656	-37.200940777920955	-39.11115607079946	9.26110829619873	-0.11388005542447525	5.983495853152374
1.064745543075229e6	6.408015969237799	-0.03803693039297656	-37.457639354085465	-39.3720448220454	9.277527634791882	-0.11298656062859268	6.027223141585735
1.1756039088377932e6	6.408015969237799	-0.03803693039297656	-37.70896004255149	-39.62748689990882	9.293958804240976	-0.11211762404177728	6.070240471793233
1.295862642130655e6	6.408015969237799	-0.03803693039297656	-37.95487074709691	-39.8774445453402	9.310396212331614	-0.11127417035485881	6.112540327421901
1.4258697977119973e6	6.408015969237799	-0.03803693039297656	-38.195047523905586	-40.12158472089237	9.326811200927791	-0.11045769814371915	6.154062927311942
1.5668333469919516e6	6.408015969237799	-0.03803693039297656	-38.4306612931267	-40.36109178991347	9.343278066718	-0.10966518544499318	6.19500738767866
1.7181896291800016e6	6.408015969237799	-0.03803693039297656	-38.65991386546932	-40.59413458431758	9.359663905748317	-0.10890292265410759	6.23505703318099
1.8800397065409888e6	6.408015969237799	-0.03803693039297656	-38.88251714720975	-40.82041848235094	9.375935423548022	-0.10817160468586776	6.274154171953888
2.052161307156289e6	6.408015969237799	-0.03803693039297656	-39.097957104637636	-41.03941816544824	9.392039861622372	-0.10747287487869824	6.31219972290235
2.2355154154717075e6	6.408015969237799	-0.03803693039297656	-39.30726193974175	-41.25217577223961	9.408039583770345	-0.10680345537707486	6.349366862552256
2.4305141113422187e6	6.408015969237799	-0.03803693039297656	-39.5106598859215	-41.45891927998749	9.423938377119342	-0.10616296603013275	6.385688207463319
2.636989252845245e6	6.408015969237799	-0.03803693039297656	-39.70783320132798	-41.65932128253863	9.439697904674365	-0.10555286231821764	6.421099198645295
2.8540150736116357e6	6.408015969237799	-0.03803693039297656	-39.897989230170595	-41.85257323833792	9.455238097883788	-0.10497562315590704	6.455447798006501
3.084307769715543e6	6.408015969237799	-0.03803693039297656	-40.08347953135903	-42.04106231619837	9.47073576861733	-0.10442414672443799	6.489149875399667
3.326859048784513e6	6.408015969237799	-0.03803693039297656	-40.26335830396816	-42.22382496938301	9.486100767471491	-0.10390132077862864	6.522027139762051
3.582947828233296e6	6.408015969237799	-0.03803693039297656	-40.438508159538294	-42.40175548525512	9.501396111898874	-0.10340465701422906	6.554233741947975
3.850827940346451e6	6.408015969237799	-0.03803693039297656	-40.60776909837777	-42.57367389407101	9.516505761287682	-0.1029372873087911	6.585547840843898
4.1317965027639405e6	6.408015969237799	-0.03803693039297656	-40.772077298532935	-42.740530016916566	9.531496790354366	-0.10249634706973339	6.616133076908469
4.424727835974065e6	6.408015969237799	-0.03803693039297656	-40.93090511616588	-42.901787803695086	9.546303575872566	-0.10208279524268023	6.645881102773387
4.73278371671647e6	6.408015969237799	-0.03803693039297656	-41.08599756859939	-43.05921809980742	9.561076367128104	-0.10169187520722012	6.675111553765747
5.054037574140144e6	6.408015969237799	-0.03803693039297656	-41.23638877721792	-43.2118419872589	9.575708144429033	-0.10132525159989789	6.70363368645266
5.387507347556274e6	6.408015969237799	-0.03803693039297656	-41.381789474264245	-43.35936685367245	9.59015480228525	-0.10098299292004373	6.731383391431285
5.732599632762684e6	6.408015969237799	-0.03803693039297656	-41.52219077341383	-43.501784263644936	9.604395476888989	-0.10066454718694244	6.75834739741692
6.091454316910753e6	6.408015969237799	-0.03803693039297656	-41.658641223683354	-43.64015960210671	9.61851917240671	-0.10036674426596676	6.784717025706602
6.463305537420294e6	6.408015969237799	-0.03803693039297656	-41.7909790311972	-43.77432845950564	9.632491773968654	-0.1000896610418448	6.810450948971137
6.846083667441002e6	6.408015969237799	-0.03803693039297656	-41.91868503157463	-43.90376669187899	9.646242004838115	-0.09983354504562558	6.835438673744006
7.243979159586587e6	6.408015969237799	-0.03803693039297656	-42.04332072113249	-44.03005633800016	9.659917490044963	-0.09959506056571078	6.859973857338202
7.652634655409113e6	6.408015969237799	-0.03803693039297656	-42.16366173068341	-44.15195964753046	9.673370682200371	-0.09937563421706025	6.883807823376049
8.076746930944979e6	6.408015969237799	-0.03803693039297656	-42.28124142035839	-44.2710282500059	9.68675439175765	-0.09917254506283067	6.907233484304981
8.51329258562393e6	6.408015969237799	-0.03803693039297656	-42.39531701970874	-44.38651049837829	9.699970028742124	-0.09898671541613753	6.930094721874065
8.964091042002544e6	6.408015969237799	-0.03803693039297656	-42.50649485595878	-44.499020292394746	9.713071463453497	-0.09881688228949725	6.9525035637670705
9.428934525572779e6	6.408015969237799	-0.03803693039297656	-42.614814869208544	-44.60859697857023	9.726049583637197	-0.09866301208654565	6.974460057927799
9.906267378288975e6	6.408015969237799	-0.03803693039297656	-42.72004202877804	-44.7150028318561	9.73886076550022	-0.09852520649994351	6.995907607140029
1.0398957289541224e7	6.408015969237799	-0.03803693039297656	-42.82290928282514	-44.81897823798263	9.751580203915573	-0.09840247954042254	7.016987471391747
1.0904593693500599e7	6.408015969237799	-0.03803693039297656	-42.923000847884225	-44.920102059305506	9.764144098839951	-0.09829534892844277	7.03760727298076
1.1427267485499546e7	6.408015969237799	-0.03803693039297656	-43.021194152211464	-45.019259559594495	9.776649651476772	-0.09820297508148558	7.057940279273355
1.196156415056927e7	6.408015969237799	-0.03803693039297656	-43.11654807366111	-45.11550230574322	9.788967241138922	-0.09812567179415577	7.0777859541509285
1.2515384686392905e7	6.408015969237799	-0.03803693039297656	-43.21053468067175	-45.21031257741892	9.801272511907953	-0.09806286278688417	7.097442272853857
1.3082601017594462e7	6.408015969237799	-0.03803693039297656	-43.30213403708955	-45.30266488315032	9.813425588461707	-0.09801437787449789	7.116692250287647
1.3665417736214267e7	6.408015969237799	-0.03803693039297656	-43.39178894599095	-45.39300578553869	9.82547175383499	-0.097979805259117	7.135621144320229
1.426193464727445e7	6.408015969237799	-0.03803693039297656	-43.479279530508784	-45.481115807640684	9.837371482304942	-0.0979586507236577	7.154176748182779
1.4876070905758772e7	6.408015969237799	-0.03803693039297656	-43.5652344792615	-45.5676301879009	9.849200302252745	-0.09795018511615444	7.172486615796857
1.5503340217533948e7	6.408015969237799	-0.03803693039297656	-43.64908285201943	-45.651976761237236	9.860870310508957	-0.09795381110130688	7.190423719413995
1.6148158442558976e7	6.408015969237799	-0.03803693039297656	-43.73147294558632	-45.73481020826256	9.872462696447734	-0.09796890156532283	7.208121505968755
1.6811714016003076e7	6.408015969237799	-0.03803693039297656	-43.81256526853319	-45.816293872597264	9.883993319247024	-0.0979949823714686	7.225610556659106
1.749097283087166e7	6.408015969237799	-0.03803693039297656	-43.892014769151544	-45.89608445302266	9.895406439165908	-0.0980311174231653	7.242812584034985
1.8190492075169142e7	6.408015969237799	-0.03803693039297656	-43.970373665441926	-45.97473800284722	9.906774423823936	-0.09807717248408289	7.259843119382972
1.890307744202802e7	6.408015969237799	-0.03803693039297656	-44.04686871440503	-46.05148201985258	9.917980145735259	-0.09813183707419233	7.276531235577704
1.963291524024129e7	6.408015969237799	-0.03803693039297656	-44.1220107597986	-46.126831425567346	9.92909012551003	-0.09819486717145644	7.2929835611718525
