# This is the file header# problem=SEAS Benchmark BP5-QD
# code=Thrase
# modeler=B. A. Erickson
# date=2023/01/09
# element size=1000 m
#location=on fault, 0km along strike, 8km away from the fault, 0km depth# minimum_time_step=0.1
# maximum_time_step=3.157e6
# num_time_steps=2400
# Column #1 = Time(s)
# Column #2 = Slip_2(m)
# Column #3 = Slip_3(m)
# Column #4 = Slip_rate_2(log10 m/s)
# Column #5 = Slip_rate_3(log10 m/s)
# Column #6 = Shear_stress_2 (MPa)
# Column #7 = Shear_stress_3 (MPa)
# Column #8 = State (log10 s)
t slip_2 slip_3 slip_rate_2 slip_rate_3 shear_stress_2 shear_stress_3 state
# Here is the time-series data.
0.0	0.0	0.0	-9.0	-20.0	13.273061180257438	1.3273061180257436e-10	8.146128033000423
0.07290145234290943	7.293610635105259e-11	-1.466207581204943e-15	-8.999587558879256	-13.395819445571439	13.274010851141256	-0.0005330528646834454	8.146128033000316
0.6522666446483425	6.550214154692419e-10	-1.1640759513536996e-13	-8.996356573177833	-12.448773043476807	13.281449716054567	-0.004686288399535157	8.146128032991879
2.5476631988883534	2.589793023102985e-9	-1.7798785324395433e-12	-8.985713510504189	-11.84935914374093	13.305945508917935	-0.018213780872564422	8.146128032869727
5.956063691248455	6.200640078481009e-9	-1.0412806676939223e-11	-8.963246957473944	-11.420784821000629	13.357613055050841	-0.046579089514442465	8.146128032241684
10.664604849276007	1.158634803955903e-8	-4.016617178990279e-11	-8.916135964208207	-11.019850844881935	13.465778662423617	-0.10605144515722993	8.146128030140774
13.719677276921962	1.550254456139273e-8	-7.977316318880345e-11	-8.864307715867678	-10.761862964276142	13.58449569517573	-0.17198408971411686	8.146128027468848
15.96984748191578	1.879388124522458e-8	-1.3047952332852126e-10	-8.800846744984986	-10.534033453953779	13.729453920103031	-0.25378535374922	8.146128024237816
17.80769255855835	2.198261689804928e-8	-2.0111285403297633e-10	-8.71466990411714	-10.29739118905203	13.925643186119581	-0.3639937932504965	8.146128020044763
19.313785357477677	2.5278529546593765e-8	-3.0255748971985003e-10	-8.59814725552524	-10.047118408193882	14.190021672802173	-0.5046751329447727	8.146128014487678
20.585150531209056	2.9098519447329568e-8	-4.595881044144216e-10	-8.438629765173614	-9.77146674137012	14.551040368408925	-0.6761718233139506	8.146128006571514
21.588468194013043	3.3626920495274016e-8	-6.948975435326725e-10	-8.24877222267574	-9.494213728297725	14.980270223776902	-0.8512911958563836	8.146127995617325
22.37005940429544	3.91083476025683e-8	-1.0292604484584928e-9	-8.061214692914609	-9.252519185090524	15.4048779615396	-0.9916393910353101	8.146127981006304
23.092393080286516	4.702208279721238e-8	-1.5619051580370716e-9	-7.863183978907395	-9.021115711049484	15.854827022888593	-1.1021222650028295	8.146127958642262
23.837382246285753	6.03971473505808e-8	-2.5178474078427897e-9	-7.634472855564029	-8.772119229085156	16.376565592677863	-1.1928242384520333	8.146127919356607
24.591459943328932	8.409156871955328e-8	-4.266129177347241e-9	-7.379947436498676	-8.509489180641904	16.959481914666483	-1.2585510518877978	8.146127847993474
25.332058176298368	1.267470890493544e-7	-7.408535007138342e-9	-7.110004939680343	-8.248203353556331	17.581117890295957	-1.278933820793909	8.146127717610456
26.043584999344976	2.0374170804493237e-7	-1.2837058736952778e-8	-6.833660361709482	-7.999532188880225	18.221172802812006	-1.2436681137781787	8.146127480379299
26.729393147969954	3.442473150914328e-7	-2.1924300781904115e-8	-6.556924478529243	-7.76813692112825	18.864709332218535	-1.1599457429896318	8.146127045732367
27.38813775732522	5.973010102813785e-7	-3.640832522509429e-8	-6.2878946812120935	-7.558211719563407	19.49130603633858	-1.045981256197771	8.146126261490354
28.026312000165248	1.0470886724973776e-6	-5.85940057949855e-8	-6.029549868425707	-7.36891442626579	20.092780456862208	-0.9197620389840552	8.146124866482353
28.643555743782933	1.8211979535859631e-6	-9.090143835412756e-8	-5.786551041504413	-7.201541005316897	20.657765238713466	-0.794499034628829	8.14612246493436
29.24365244071298	3.111165914101901e-6	-1.3590274529160422e-7	-5.560397513322631	-7.055295140566356	21.18270602333175	-0.6777722940808474	8.146118462740814
29.829229071861707	5.186136708208126e-6	-1.9598085640397073e-7	-5.351024563204347	-6.927960595610992	21.667880868589425	-0.5739583874176213	8.146112025077889
30.39866713545745	8.388383138308636e-6	-2.7273472979191623e-7	-5.157649987272704	-6.817051415454851	22.115319826934503	-0.48449778537152566	8.14610209028316
30.959165113008417	1.3240988327981015e-5	-3.687820214964283e-7	-4.974972703475813	-6.718690003208048	22.537502150622764	-0.4066197616395935	8.146087035781166
31.504342147860175	2.034044277948763e-5	-4.841879581394982e-7	-4.801955773460264	-6.633081234739114	22.93699225135868	-0.3383849246485543	8.146065011311098
32.04306448419976	3.072757262346873e-5	-6.210696140086921e-7	-4.633531489899366	-6.560224323936424	23.325605040264044	-0.276146843667971	8.146032788222348
32.57110252033729	4.564104780165843e-5	-7.766874684053445e-7	-4.469998609414975	-6.504774824707855	23.70272004145314	-0.21878723093312574	8.145986524186574
33.090420482765815	6.690764610089566e-5	-9.459594447622746e-7	-4.310603386063031	-6.474051796795518	24.070120395894374	-0.16520753520323403	8.145920552505409
33.60516960171604	9.721951320087803e-5	-1.118683040855093e-6	-4.154370755346435	-6.483185027807984	24.430080560933426	-0.11458047720003378	8.145826522010962
34.1092347438131	0.00013947876898439448	-1.2722389121905487e-6	-4.003501245592741	-6.569638096437707	24.777548706111645	-0.06728550056772271	8.145695430106542
34.609299218782155	0.00019856106718100383	-1.3752755096545074e-6	-3.856202541584711	-6.903171200499109	25.11666317982469	-0.022542043458864156	8.145512151955286
35.104167168061934	0.0002802440714048475	-1.3758011452024039e-6	-3.7128438603029044	-6.825072423366931	25.446575432363616	0.01965172964344472	8.145258764335223
35.59092918592742	0.0003913934064671694	-1.1996664535000032e-6	-3.573998053310741	-6.212774452255311	25.76596368538691	0.05919295094916519	8.144913968647803
36.07539692128634	0.0005432443260804718	-7.368201734535966e-7	-3.437495155926734	-5.868388308687077	26.079808174633875	0.0966966080246203	8.144442910668264
36.55388227561706	0.0007479191928643804	1.630212929775393e-7	-3.303632102838842	-5.60438974906709	26.38740709348	0.13201980015343526	8.143807983370408
37.0267116687648	0.0010226058113898039	1.711238521171378e-6	-3.1713715802838776	-5.3793257494985	26.691119660869425	0.16535320726206879	8.142955864956713
37.497922882039305	0.0013939908572470055	4.230426355849927e-6	-3.038526982390423	-5.175084231234743	26.995931278155293	0.19712470893113943	8.14180376503904
37.96284779863542	0.0018916304696398646	8.13346381888585e-6	-2.905380952044279	-4.985230163512538	27.301146312531557	0.22715990112864803	8.14025998939737
38.42340112694606	0.0025627240356523593	1.4053228544351407e-5	-2.770545723681244	-4.803838545300974	27.609883247209282	0.25572415282982786	8.138178108118915
38.882615436705436	0.0034788993675078502	2.2966127489849193e-5	-2.6325479170511845	-4.626590365767087	27.925418277680926	0.28311132227490315	8.135335904347878
39.33780227135718	0.004730596489370572	3.619618494458904e-5	-2.4919970206726134	-4.452659691757979	28.24621239694997	0.30924134206067233	8.1314527948565
39.79583544835183	0.006481024399851764	5.606904670289564e-5	-2.3469787579888535	-4.27854589013995	28.576400267679986	0.3345340961616157	8.126022437823028
40.26658199975411	0.00901522268067947	8.67161699224358e-5	-2.19493226739699	-4.100524086242186	28.9213772142889	0.3594406169757552	8.118160519143405
40.763072450769876	0.012856729212767933	0.00013590115296310194	-2.0327894768722556	-3.9147074913198496	29.28722589805232	0.3843795044783736	8.106242793208184
41.30712819595794	0.0190872866957548	0.00021999443909264548	-1.8558916133623002	-3.7157194803164657	29.682431478311692	0.4098940431943417	8.086913200546189
41.92411767403814	0.029949193936915832	0.0003740406480015006	-1.661809526165973	-3.5008075610252516	30.10712119480153	0.4361854714756958	8.053215053898212
42.609305084743276	0.0489505492240507	0.0006560669882525343	-1.4636560731614578	-3.2838021821344396	30.519516717544057	0.46177619750995047	7.994264393786983
43.33300933141865	0.07995663233829411	0.001135046650434799	-1.284509490057775	-3.0882760709836563	30.846784393192046	0.48466685102744045	7.898068842913086
44.07319788235244	0.12600100847903817	0.001871619436396116	-1.1380073172534066	-2.9272732593921953	31.033520638596073	0.5041561917987116	7.755216153465759
44.787049489872715	0.18542555674022865	0.0028523794430811186	-1.0280656857739883	-2.804253370831639	31.06500001671172	0.5200961909489332	7.57084995782622
45.480698156640955	0.25751135209556225	0.0040776145567712	-0.9427184411441027	-2.7061848834210305	30.969206629824114	0.5339045690148484	7.347200073493439
46.15415205539485	0.3410606545441741	0.005539894914443676	-0.8724646087296714	-2.6231110399663713	30.775743061895312	0.5464647040493169	7.087981816964441
46.81586993304433	0.4366146930808043	0.007262944552430191	-0.8098036707208485	-2.5473414616728087	30.50409620117646	0.5582392529958333	6.791515146989749
47.48080132305023	0.5471865584240279	0.009318686358235894	-0.7493494849218773	-2.4735302010258295	30.1576430738319	0.5691368171297864	6.448450572355699
48.172141044304695	0.6795862100793967	0.011857471649345693	-0.687023373747939	-2.3979201427303862	29.718624982772667	0.5782717050316333	6.037657826590154
48.90145933375067	0.8414046049911296	0.015052114746491119	-0.621777146403275	-2.3210082319746856	29.155773513148375	0.5827650288867195	5.535583146202988
49.70552226588151	1.0496966012641884	0.0192552656441947	-0.5534460704654864	-2.2460782508986563	28.385316714532884	0.5760518343099919	4.889310584874622
50.58702238574883	1.3157351960386605	0.02462830900406072	-0.49083177351767704	-2.190919408460994	27.30498803201216	0.5446962126514195	4.063877516889676
51.57414392691535	1.6532407777611995	0.031095433947062268	-0.44713484553712596	-2.189530945202722	25.75672119520731	0.4661165005875766	3.016860885920039
52.72610719052977	2.071838721939136	0.03781009376331829	-0.44060265651389785	-2.3057245849514	23.561074574479214	0.3214201988594646	1.7211821635770097
54.02743419021485	2.5191841914010373	0.04259203109929408	-0.502648662485271	-2.614107855185033	20.92868090864916	0.161913351996854	0.40805038782730185
55.48837677710333	2.8933614195537927	0.04455524397035823	-0.7086993714788083	-3.2853327016878517	18.97285924453858	0.05029206342479773	-0.13208391945099288
57.084544605623165	3.1357193386398423	0.0447927482927393	-0.923842758830938	-4.218234470795012	18.307394854541883	-0.00929468843676677	-0.026011871941543578
58.52102822732144	3.2796950436828234	0.044625930617687104	-1.0758857754964197	-3.8374754429469395	18.013218491839858	-0.0311890142920423	0.10063722349541945
59.75148424663382	3.3697038698400323	0.044444163556973774	-1.1974647354567038	-3.8387014719052277	17.809647474999416	-0.040683526085200934	0.19977661300693697
60.906483195482856	3.4345428684955754	0.044285569125433175	-1.3050034722000827	-3.8906725664210207	17.645843636499684	-0.04581137555502839	0.28559325829020554
62.12913151599397	3.488252088884935	0.04414040199124735	-1.409960991167543	-3.962603352139839	17.498889621894573	-0.04901941575867064	0.3689295544373193
63.422028594256304	3.533070814395943	0.0440117343533386	-1.5103109227078724	-4.042840037559356	17.368742776533338	-0.05096115573024174	0.4488654483043347
64.83241405027705	3.571990431584464	0.043895778507689664	-1.60783630075714	-4.127819437833385	17.250699081285852	-0.05209830121874223	0.527179521746534
66.4034852081282	3.6066895860353134	0.04378999748769834	-1.7035472212661078	-4.215980682506977	17.141796600747195	-0.05267722351956156	0.6048004639436693
68.23332069251487	3.6390510638824534	0.043690027905570285	-1.8006719870310794	-4.309082493735552	17.037328379966805	-0.05284342854884203	0.6844273974826234
70.38915628788706	3.6694820460140334	0.04359547862940691	-1.8992152745472444	-4.4064835230804045	16.93667474684208	-0.05266958529365937	0.7661362783559091
72.83699024457175	3.6971083179077993	0.043509644763902004	-1.994901424814259	-4.503357259040294	16.84338414589558	-0.0522364337543041	0.8463748621369679
75.59398616280521	3.7221744339289287	0.043432141121406774	-2.086970644382906	-4.5983786808056255	16.75716203256625	-0.05161696114345533	0.924381239472102
78.86886941819206	3.746230685067183	0.043358399502089105	-2.180052088539299	-4.695991625633232	16.673115971991542	-0.050824982044108236	1.0040495233380096
82.81791656330152	3.769592685511999	0.04328765243731844	-2.274888573768914	-4.796853663060575	16.590319639043493	-0.04987577581690361	1.086023118509524
87.65166188837361	3.7925108354419566	0.043219320443331745	-2.372166526950663	-4.901609634025823	16.508001144486215	-0.04878107685409689	1.170911784544023
93.42890741665468	3.814414122986255	0.04315521827080878	-2.469049613626804	-5.007141155035071	16.428308568929204	-0.04758842265444673	1.2562134717149305
100.36776637213678	3.8354663382258636	0.043094891932969524	-2.5656856402440416	-5.113486026460411	16.350891137078392	-0.04631706600560629	1.3420445282597138
108.83519748474892	3.856007617538754	0.043037405343226406	-2.663235714041846	-5.221861246735203	16.27460989911848	-0.04496608267837759	1.4294024948364241
118.88967810777338	3.8755343100409023	0.04298414959879692	-2.75889945475765	-5.329085627825751	16.20140905508081	-0.043587967078260896	1.5157142438260955
130.30337526529638	3.8934344904906353	0.04293662264224519	-2.849033819048677	-5.430897452875586	16.133756246396064	-0.04225439203617624	1.5975909914564017
143.7974432340366	3.9106566876383067	0.04289213403463128	-2.9378757352689893	-5.53197135523017	16.068235224628868	-0.04091405840902644	1.678805878365829
159.763145432763	3.9272853644777093	0.042850397141664776	-3.0255925407728212	-5.632444187578509	16.004539345011132	-0.03957232176142121	1.7594412502775765
178.01237880798965	3.9428853920972	0.042812381432821	-3.1095379752743235	-5.7292270858724805	15.944461142380174	-0.038275487941094546	1.8370217468241892
199.0870356011729	3.9577753779267826	0.04277716187559099	-3.191127192754631	-5.823879100658386	15.88679860614967	-0.037007051305245585	1.9127721962692288
223.85675520920904	3.9722911901283706	0.042743860163308216	-3.2719734385811963	-5.918259362617993	15.830351825138258	-0.03574412276184317	1.9881725709660274
252.7877366735184	3.9863846817579405	0.042712533205407216	-3.3516699374434706	-6.011882979026727	15.775313922854329	-0.03449570051425101	2.0628029318759853
286.55267077493784	4.00009278505729	0.04268304017635695	-3.430274956040105	-6.104813956744022	15.721589137607031	-0.03326269562055278	2.1366956847561642
325.64931435566194	4.013361469581628	0.04265543017475103	-3.5073451760237586	-6.196522952077545	15.669412252814364	-0.03205346107182964	2.20940283623243
371.2136898716979	4.026324044541881	0.042629364317410275	-3.583534295523972	-6.287785391493598	15.618289501243684	-0.03085903725113316	2.2815179445770575
424.44976992170353	4.039041275978898	0.04260467386842494	-3.6591071227165237	-6.378929606912765	15.568004368301585	-0.02967634836840342	2.353274024954704
486.677881008558	4.051540154201889	0.04258127557023646	-3.7341441997838434	-6.470063194090281	15.518470411329881	-0.028505582377249792	2.42473237006976
559.5632406464339	4.063861762292029	0.04255906343711622	-3.808823450347704	-6.561404595646309	15.469541545752431	-0.027346156686698167	2.4960489251096942
643.9221960800678	4.075886311997478	0.042538210588753206	-3.88234832780343	-6.651961837996231	15.421707657369609	-0.02621313450359976	2.5664471779234574
742.3275646466847	4.087735075256503	0.04251846644528013	-3.955394207583209	-6.742534204076466	15.374500603858358	-0.025099266010095444	2.6365593830626173
856.920076660475	4.0994044296406935	0.04249979938803528	-4.027887015537856	-6.833006936590185	15.327941319914206	-0.024008438137893603	2.7063005793154002
989.4654127099817	4.110839691114395	0.04248225471478534	-4.099431940862634	-6.922873194757109	15.282261661857788	-0.022948081176065414	2.7752798710243423
1143.19440662676	4.122096695359319	0.042465704025803505	-4.170326797476343	-7.012502896926749	15.237250502744642	-0.02191444660128226	2.8437734967860084
1321.904845327282	4.133217604299168	0.04245005380187946	-4.2407932361807426	-7.10219050685459	15.192751478294522	-0.020904470091487902	2.9119875228911987
1530.0547132391932	4.144233940132198	0.042435234475995766	-4.310993328720258	-7.192168432530688	15.14864955405277	-0.019915848549327958	2.980072274179506
1774.2451001790805	4.155225934493675	0.042421117413314044	-4.381407962827866	-7.2831099794153245	15.104635847199518	-0.018941232844163786	3.0484908332024907
2058.6379251457956	4.166115397096375	0.04240778601654504	-4.45150657378929	-7.374401700291985	15.061036114294648	-0.017987040950355252	3.1167247867037213
2388.823126656629	4.176879975695247	0.04239524581050656	-4.521110232861994	-7.46591154673674	15.017952345256736	-0.017053338317680945	3.1845950559102048
2770.928307805023	4.187500688321131	0.04238349299349967	-4.590060034307908	-7.557554683528549	14.975474442648492	-0.016139346329012802	3.2519422073617097
3212.7273721219076	4.197985687527179	0.04237249169363591	-4.65837365248543	-7.649504596453298	14.933585755142976	-0.015241691121267515	3.318780516784285
3722.8861209582765	4.208338667615145	0.04236221754423997	-4.726041620895896	-7.741910071480476	14.892284761118203	-0.014357964703191207	3.385096770264997
4319.576769812673	4.218697817668727	0.04235252290884493	-4.793939570724555	-7.836160971940654	14.851033181287793	-0.013475201472772456	3.451747104506465
5025.032948424824	4.229161946721665	0.04234332768392793	-4.8627001118924165	-7.933335879477518	14.80944137670725	-0.012586439984785078	3.5193495926867677
5845.448563323729	4.239553375916779	0.04233479117317709	-4.931135388580341	-8.031975485359013	14.768224254403291	-0.01170814740879535	3.5867344429779733
6785.547250099894	4.249739400993994	0.04232699860895165	-4.9983468904462365	-8.130906262080664	14.72791212443352	-0.010853799947914975	3.6530108170686684
7864.108372122282	4.259761587116306	0.04231988442978086	-5.064584691154947	-8.230586976377955	14.688340503858484	-0.010022370341456937	3.7184170583766765
9101.988984474998	4.269646559951339	0.042313400576188695	-5.130005449738787	-8.33135028151809	14.649401983837084	-0.009214569808557537	3.783099969586564
10521.473851457313	4.279405316250288	0.042307515938507075	-5.194663882679709	-8.433504966222442	14.611053779917125	-0.008430250036598756	3.8471078233152234
12147.34659975279	4.289045070565074	0.042302198648523644	-5.258589987487501	-8.537405256313313	14.573270149498066	-0.007669053135401588	3.91046578441723
14000.448966363216	4.298538592652231	0.04229743622107871	-5.321586044126198	-8.643189866501617	14.536161725491777	-0.006931798405027032	3.972974344602739
16108.421891087812	4.307889782288075	0.04229320176212517	-5.383661707165191	-8.751476196067415	14.499716390511086	-0.006216486842268277	4.034639412875157
18516.67162891836	4.317156135655605	0.0422894492073969	-5.445184485806322	-8.863796759554736	14.463712610495982	-0.005516549382055056	4.095822771137393
21255.636214538892	4.326310999138349	0.04228617092944769	-5.505963402994803	-8.981021206104417	14.428257785555418	-0.0048323244967605865	4.156332004690319
24347.98447470682	4.335308415160223	0.04228336201071749	-5.565681782624615	-9.104104031552527	14.393529612609912	-0.00416624741020431	4.215847800893222
27839.053461715386	4.34417060466486	0.0422809928374008	-5.624476858233606	-9.235470502157693	14.359441396675575	-0.0035167694787734557	4.274502965092028
31768.764473682215	4.35289307045849	0.04227904446582852	-5.682309946617763	-9.378193086383313	14.32600855438807	-0.002885639448205279	4.332254868278588
36210.6856252978	4.361529413282544	0.04227748974453653	-5.739529518524907	-9.538487809118212	14.293021681497798	-0.0022707313813176274	4.389446902561618
41290.663512078965	4.3701862441839125	0.04227629508211445	-5.796832084702258	-9.729135232342076	14.260078210811065	-0.0016665515805192213	4.446774659027445
47107.36589304016	4.378871907422526	0.04227545989707238	-5.854266661210977	-9.975874147255835	14.227143936416796	-0.0010752519510529004	4.504283695224961
53661.98652588967	4.387454548618921	0.042274985013902706	-5.910951730171596	-10.359067624554207	14.19472494934801	-0.0005058375755394146	4.561091712217041
61035.837173234664	4.395935865375704	0.042274847437831414	-5.966890669810149	-11.486940001237608	14.162817709778485	4.276616763164331e-5	4.6172011734178815
69342.87612437138	4.404341565711774	0.04227502998772475	-6.022246999572713	-10.41408515045786	14.131325058468278	0.0005732508872250146	4.672773852272067
78631.74721387679	4.412624660120897	0.04227551670606075	-6.076704601063626	-10.19077024095642	14.10042576458746	0.001084342766143069	4.7274917798305855
88995.69030759006	4.420785877437488	0.042276288274943646	-6.13026399689219	-10.080679488336568	14.070115755771443	0.0015771833329551598	4.781353300344552
100562.66891035685	4.428844941739136	0.04227733073408243	-6.1830503374367956	-10.018049687435907	14.040321221756537	0.002052946793856211	4.834482545692393
113585.73229204857	4.436882385445231	0.04227864149453444	-6.235586400185837	-9.98143911441488	14.010744263896989	0.002515408312694915	4.887404057441992
128274.2583067846	4.4449160797470935	0.042280212614011596	-6.287981812559116	-9.961618686015614	13.981323463760518	0.002964226666769956	4.94022844350335
144663.52962872304	4.452867395411692	0.04228202217239284	-6.339718640808647	-9.953667550170778	13.952346115040859	0.0033938944517950616	4.992431485554299
162964.311107115	4.460754042111642	0.04228405857345925	-6.390908640348982	-9.954343341326421	13.923747276949468	0.0038047088713675232	5.044124588532287
183273.77397674203	4.468540311876978	0.04228629747082986	-6.441316803687597	-9.961464937938413	13.895657088295641	0.0041949902325096	5.09506976794289
205896.80978328304	4.476267802675169	0.042288735485292564	-6.491207825549864	-9.97352763342086	13.867928487494863	0.004567639138327204	5.145534795078583
231204.12288078252	4.4839763659776795	0.04229137654843207	-6.540835348175784	-9.989605559690752	13.84041892382139	0.004924691433572373	5.195775316139741
259565.15930038088	4.491683673153849	0.042294217247180216	-6.590304292164346	-10.009007578987479	13.813073434360783	0.00526728762238605	5.245899399618776
291198.95101939206	4.499358189285812	0.042297238939712364	-6.639407264912568	-10.03118439115344	13.78600426536836	0.005593212019906676	5.295695519111845
326347.2776539882	4.506978262839501	0.042300418729374366	-6.688000721155279	-10.055668734465808	13.759292057980058	0.005901033442314789	5.345018976900974
365492.9662083102	4.51456968766536	0.04230375766021579	-6.736245263725787	-10.082257647689088	13.732846405998815	0.00619082002617602	5.394031560150971
409373.08093633386	4.522184713180339	0.042307270036754274	-6.7844662606458845	-10.110909181238519	13.706490403773824	0.006463732065386961	5.443064654867468
457905.67722275824	4.529727615162752	0.04231090197384482	-6.832052508061879	-10.14102630768902	13.680557214331273	0.006716298459252155	5.491496242375999
511496.22440341034	4.537197866830952	0.04231463764519434	-6.878997754764362	-10.172402786794738	13.655050187712652	0.0069484553103172685	5.539319927690116
570351.1652564369	4.544568398361682	0.04231844987317141	-6.925130870475906	-10.204699004575147	13.630061869845974	0.007160274848411214	5.586361126645816
634989.2893206323	4.55185353804072	0.04232233314942169	-6.970541024974392	-10.237855375872243	13.605543869508368	0.007351933263038415	5.632710711068672
706553.5779560773	4.559121087165865	0.04232631171990076	-7.015648310389951	-10.272076239795785	13.581268222948882	0.007525102103520794	5.678796800065815
784822.4534447108	4.566292050772816	0.04233033349455508	-7.05996071811369	-10.306917610064485	13.55749814039454	0.007677550143588824	5.724115795489203
869949.9928080346	4.573342611098124	0.042334366116781035	-7.103332898937958	-10.342189413728986	13.534310355493368	0.007808715789483773	5.768518331468267
962766.4455467804	4.580305381473451	0.04233841684088475	-7.145967112753619	-10.377979533719554	13.511595373667674	0.007919435210270429	5.81221068436305
1.064745543075229e6	4.587243073742088	0.04234251264745073	-7.188245723888766	-10.414569111556684	13.48914910001638	0.008010528454419411	5.8555844906546355
1.1756039088377932e6	4.594091225710477	0.042346600956278097	-7.229774062944077	-10.451568679333887	13.467181934820612	0.008081316404794193	5.89823535830868
1.295862642130655e6	4.600848586917572	0.04235067393817093	-7.270545615314763	-10.488958296684924	13.445696534426833	0.008131499202737537	5.9401561392916875
1.4258697977119973e6	4.607505443254329	0.04235471216613827	-7.310504149634972	-10.526654291647448	13.424720717215594	0.008161220608342954	5.981287967014241
1.5668333469919516e6	4.614093606025139	0.042358722975021273	-7.349842534598282	-10.56481449282951	13.404151619419581	0.008170852551378654	6.021828435772655
1.7181896291800016e6	4.620561880925777	0.04236266762114163	-7.388257659756207	-10.603135625107615	13.384146330298007	0.008160423743839304	6.061464362304935
1.8800397065409888e6	4.626900308818393	0.04236652942216977	-7.425696704104816	-10.641508722233288	13.364729033390395	0.008131078236727634	6.100139322816896
2.052161307156289e6	4.633091965339212	0.042370290361052144	-7.462067290654545	-10.679808977211575	13.345944611569454	0.008083652420954985	6.137756138248189
2.2355154154717075e6	4.639164192911579	0.04237395784132507	-7.497537371309162	-10.718188982659866	13.327703336273402	0.008018695200616951	6.174486786729349
2.4305141113422187e6	4.645121606729123	0.04237752672850464	-7.532141277082592	-10.756673294913282	13.309982952216675	0.007936800818051004	6.210364156229757
2.636989252845245e6	4.650952834194915	0.042380986146673766	-7.56581852955352	-10.795202050022404	13.292813709610385	0.007838507856364562	6.245325125900224
2.8540150736116357e6	4.656631782236535	0.04238431508762037	-7.59842788806019	-10.833590182668573	13.276263063747832	0.00772526799929492	6.279220436157171
3.084307769715543e6	4.662226345736453	0.04238754663852434	-7.6303669265138785	-10.872306755661787	13.260125512543015	0.007596399660884927	6.312461187780837
3.326859048784513e6	4.667706270168448	0.04239065954835293	-7.661468522191109	-10.911160018633892	13.244483082975123	0.007453212720401124	6.344872049604891
3.582947828233296e6	4.673096520613118	0.04239366354739854	-7.691880555725937	-10.950360414393804	13.22925868572957	0.0072955098825093255	6.37660555677872
3.850827940346451e6	4.678359119893421	0.04239653450521195	-7.721396038954516	-10.989658041735245	13.214552592138507	0.007125091746697822	6.407443788928891
4.1317965027639405e6	4.6835206257592334	0.04239928404075165	-7.750172101166101	-11.029284852308082	13.200282513532427	0.006941774072259797	6.437548602024103
4.424727835974065e6	4.688561814490238	0.04240189988706476	-7.778109153683179	-11.069116000792704	13.186494827486886	0.006747183500384603	6.466814067275267
4.73278371671647e6	4.693536101088769	0.042404407834225596	-7.805509818522122	-11.109645550775259	13.173036740497668	0.0065395847265710795	6.495555204077977
5.054037574140144e6	4.698410364914316	0.042406789003982086	-7.832197418591709	-11.150678384982267	13.15999207581413	0.006320838024249425	6.523584982415107
5.387507347556274e6	4.70317269154215	0.042409037004479753	-7.858115238527928	-11.192145153272033	13.1473838379162	0.006092694855418855	6.550841103510801
5.732599632762684e6	4.707819709017553	0.042411150529596195	-7.8832535900895975	-11.234129840143451	13.135213266168156	0.005855458110642031	6.577311367731177
6.091454316910753e6	4.712383453136302	0.042413143809528556	-7.907794140884664	-11.27698888140169	13.123387651879547	0.005608558022089145	6.603184314898317
6.463305537420294e6	4.7168559632776565	0.04241501328170249	-7.931701013761807	-11.320774125984341	13.111920668950598	0.005352950171619978	6.628420027325374
6.846083667441002e6	4.7212170287614015	0.04241675181999666	-7.954874810664929	-11.365412089458333	13.10085540948512	0.005090522656217034	6.6529109278298915
7.243979159586587e6	4.725517055734353	0.04241837958566811	-7.977591356725713	-11.411601298529193	13.090054989416595	0.004818718197548723	6.676945519019501
7.652634655409113e6	4.729711641685178	0.042419880717844756	-7.999622676241523	-11.45903647466692	13.079624777052558	0.0045413135349139785	6.700280848800632
8.076746930944979e6	4.733851529893517	0.042421274654666934	-8.021243148125833	-11.50855359627463	13.069429402995299	0.004255456731059687	6.723204368546446
8.51329258562393e6	4.737908445593142	0.04242255240764508	-8.042311377127472	-11.560117390692104	13.059531624607855	0.0039638899430010565	6.745563892236099
8.964091042002544e6	4.741901503014301	0.04242372024498387	-8.062933573180826	-11.614411308448206	13.049877248822554	0.0036654617451270543	6.767469652168923
9.428934525572779e6	4.745830045318011	0.04242477957761757	-8.083112711500629	-11.67192185428684	13.040460526602777	0.003361118204385311	6.7889222866603
9.906267378288975e6	4.749683189345472	0.04242572823228026	-8.102799677876783	-11.733184021773551	13.03130020595694	0.0030521326586465886	6.809867166697165
1.0398957289541224e7	4.753485628285623	0.04242657382015994	-8.122126927274643	-11.799529570679358	13.022330600899366	0.0027370710634318134	6.830442862854516
1.0904593693500599e7	4.757220043040555	0.042427313780530114	-8.14101235522253	-11.871983114329234	13.013586103414653	0.0024178326102954274	6.850559817934485
1.1427267485499546e7	4.7609172255554055	0.04242795558722251	-8.159617433802953	-11.953148465970413	13.004987822941134	0.00209208303493497	6.870387645716343
1.196156415056927e7	4.764540080778279	0.04242849359618474	-8.17776023764622	-12.045062000998094	12.996617960372992	0.001764121892579408	6.889731378809547
1.2515384686392905e7	4.768142454502444	0.042428937008578	-8.195716367862284	-12.154265122864828	12.988344449143883	0.0014289105493044331	6.908882010802424
1.3082601017594462e7	4.771684104133021	0.04242928141880361	-8.213288742401957	-12.288551341388704	12.980256871680588	0.001091492329398554	6.927628639695802
1.3665417736214267e7	4.7751800871402095	0.04242953019740192	-8.230557983723811	-12.468402497674045	12.972313977588161	0.0007501928794914679	6.946054875730304
1.426193464727445e7	4.778620155554127	0.04242968425172704	-8.24747771371953	-12.750079250653926	12.964535768180804	0.00040752610465591454	6.964110463590262
1.4876070905758772e7	4.782027418087516	0.042429746112148684	-8.264166312038428	-13.589316323418421	12.956864913911213	6.128439731892814e-5	6.98192004566667
1.5503340217533948e7	4.785377689885739	0.042429717395138324	-8.280509561742871	-12.937322532475598	12.949351928532472	-0.00028538757635621705	6.99936058329023
1.6148158442558976e7	4.788695353116981	0.04242959977114578	-8.29662999449959	-12.606660003754168	12.941939603738003	-0.0006338249918466714	7.016562325081503
1.6811714016003076e7	4.791985757472914	0.04242939413072749	-8.312557254460392	-12.431051728699089	12.934611721196791	-0.0009845979384255751	7.033555405309904
1.749097283087166e7	4.795233736916388	0.04242910289358748	-8.328220303923995	-12.314198211555953	12.92740122044034	-0.00133516002299821	7.050264180950867
1.8190492075169142e7	4.798460697972304	0.04242872572460279	-8.343726068205429	-12.227721842279317	12.920256395381854	-0.0016876226985094	7.066801278350089
1.890307744202802e7	4.801633787752401	0.0424282681974387	-8.35891896977776	-12.160856936344093	12.913249571485315	-0.002037499815347626	7.083001141246972
1.963291524024129e7	4.804772756582786	0.04242773038411394	-8.373897130366244	-12.106920281901155	12.906334280220866	-0.0023866006678408633	7.098967690650997
