# This is the file header# problem=SEAS Benchmark BP5-QD
# code=Thrase
# modeler=B. A. Erickson
# date=2023/01/09
# element size=1000 m
#location=on fault, 0km along strike, 8km away from the fault, 0km depth# minimum_time_step=0.1
# maximum_time_step=3.157e6
# num_time_steps=2400
# Column #1 = Time(s)
# Column #2 = Slip_2(m)
# Column #3 = Slip_3(m)
# Column #4 = Slip_rate_2(log10 m/s)
# Column #5 = Slip_rate_3(log10 m/s)
# Column #6 = Shear_stress_2 (MPa)
# Column #7 = Shear_stress_3 (MPa)
# Column #8 = State (log10 s)
t slip_2 slip_3 slip_rate_2 slip_rate_3 shear_stress_2 shear_stress_3 state
# Here is the time-series data.
0.0	0.0	0.0	-9.0	-20.0	19.490040931338385	1.9490040931338383e-10	8.14612803300041
0.07290145234290943	7.29119059921242e-11	6.670875943732845e-18	-8.999875456624498	-15.737415925023951	19.490069608511316	3.5667520686537685e-6	8.146128033000378
0.6522666446483425	6.531056805318534e-10	5.360438359287791e-16	-8.998881403678777	-14.783012599046831	19.490298497641046	3.203961546512875e-5	8.146128032997806
2.5476631988883534	2.5607982522984693e-9	8.414194356857536e-15	-8.99543939752616	-14.169058285603	19.491091048408236	0.00013068244825705907	8.146128032959664
5.956063691248455	6.034127731337255e-9	5.0300627673248024e-14	-8.987783785279507	-13.73329941476747	19.492853815314913	0.00035023520333976143	8.146128032758249
10.664604849276007	1.0960866787218597e-8	1.9310095870155147e-13	-8.97140061405256	-13.347200497104357	19.496626164858284	0.0008206530376907719	8.146128032081377
13.719677276921962	1.4287391628628714e-8	3.740954255748738e-13	-8.953123680246197	-13.115398550681268	19.500834554386834	0.0013420797616439627	8.146128031239302
15.96984748191578	1.685498532209903e-8	5.897273132345212e-13	-8.930425242993996	-12.923742592363208	19.506061007170317	0.001980852914564671	8.146128030254621
17.80769255855835	1.9084319364402057e-8	8.617211687389057e-13	-8.899359223825767	-12.736292635705993	19.513214115117858	0.002840503953867174	8.146128029040183
19.313785357477677	2.1070913273674578e-8	1.2056238782451609e-12	-8.856924596026804	-12.546522323283595	19.522984847372847	0.003989775783111727	8.146128027549617
20.585150531209056	2.2953216318687927e-8	1.6608455515017175e-12	-8.798184563816445	-12.34569348313334	19.53650986202198	0.005537810132742098	8.146128025654424
21.588468194013043	2.4679199654184194e-8	2.2274031361704693e-12	-8.727569679118902	-12.153446247711932	19.55276895003651	0.007333844540856689	8.14612802341264
22.37005940429544	2.6264469006448068e-8	2.8913172520890607e-12	-8.65718433815913	-11.99275460466768	19.56897506355597	0.00903644923841778	8.146128020919546
23.092393080286516	2.7997232215653156e-8	3.767759825231417e-12	-8.582403269823427	-11.843613031689515	19.586193187092082	0.010733473093835192	8.146128017785088
23.837382246285753	3.015139902513091e-8	5.050649357172127e-12	-8.49484581770041	-11.688383858561576	19.60635295657808	0.012556215931925307	8.146128013413673
24.591459943328932	3.2864771948321074e-8	6.923013169656237e-12	-8.39238153008953	-11.525451706764018	19.62994493332014	0.014449369753332402	8.146128007335735
25.332058176298368	3.63006757423902e-8	9.62156897810294e-12	-8.274067773076267	-11.354889905781064	19.657186225412897	0.01631921331646434	8.146127998974617
26.043584999344976	4.072180939327724e-8	1.349710372548591e-11	-8.138731461823179	-11.176109907346905	19.68834704600417	0.01806470236635601	8.146127987467025
26.729393147969954	4.668849895908077e-8	1.9218464878881376e-11	-7.982018835142786	-10.984693342928546	19.724430001403245	0.019603334656260334	8.146127971085177
27.38813775732522	5.5164322073706e-8	2.792584507086083e-11	-7.799433377681102	-10.776669733206024	19.766470612046625	0.020830168140393318	8.146127946835776
28.026312000165248	6.819185934279417e-8	4.1952309605966224e-11	-7.58206627762191	-10.543642279698828	19.816520371276436	0.02164967573699773	8.146127908402669
28.643555743782933	9.013711034537298e-8	6.612237424843518e-11	-7.319261689237803	-10.276210837465756	19.87703306014058	0.02194837702548384	8.146127842240944
29.24365244071298	1.3234925515309916e-7	1.1237730304904657e-10	-6.992727057862581	-9.957627700375367	19.95222085253282	0.021631697490109784	8.146127713155987
29.829229071861707	2.3038486267474873e-7	2.1589029513551833e-10	-6.572930551697304	-9.559847588829632	20.04888388788999	0.020662038361265712	8.146127410855742
30.39866713545745	5.30356849712339e-7	5.109546228306659e-10	-6.012026186295565	-9.034109341193117	20.178040074396545	0.019177669297867708	8.14612648207762
30.959165113008417	2.0223880523783783e-6	1.847204343609518e-9	-5.205352586601326	-8.266467811195758	20.363801289452987	0.017690643304684922	8.146121855379368
31.504342147860175	1.989251655207884e-5	1.7038669441373994e-8	-3.9499852309556767	-7.017855129961831	20.65325477144717	0.017665201815156562	8.146066422063486
32.04306448419976	0.0011759197748787678	1.1054876195999432e-6	-1.9979210721005516	-5.010417317249066	21.142486168761508	0.020542808136980308	8.142480306009647
32.57110252033729	0.02572786826656787	2.7095959658449617e-5	-1.034739189032924	-3.997475076632503	21.61316363347431	0.02354954138693095	8.06631758113346
33.090420482765815	0.10065183414817543	0.00010698522111125174	-0.7021150875880042	-3.69596320850928	21.779696797609855	0.02209040654585345	7.833895558955083
33.60516960171604	0.23330707321138977	0.00022414818057364745	-0.4951885212679433	-3.6219196431586984	21.677148657968857	0.016190901624866715	7.422385128754396
34.1092347438131	0.42787954489941765	0.00033070649364623804	-0.3421825152508462	-3.794925239479961	21.294544433706932	0.0075080236017344495	6.818801117410389
34.609299218782155	0.6916099857631512	0.00035758231604417565	-0.22060563968505642	-4.069610735023256	20.58913460521343	-0.002914962671022247	6.000682090101702
35.104167168061934	1.02689471962531	0.00021130432464259272	-0.12278029331044091	-3.2620644832185897	19.51848179530892	-0.014163214875244396	4.96059490663515
35.59092918592742	1.4297978163150558	-0.0002198711478656043	-0.04568247756470521	-2.8937303551340725	18.054940692340043	-0.025618175034037037	3.7107600828556966
36.07539692128634	1.897987910993853	-0.0010888641713846137	0.011998673094378168	-2.6217978589399085	16.151870537694286	-0.037534124733221146	2.2587078692738336
36.55388227561706	2.4123335825081056	-0.002604934649789597	0.04585759954353879	-2.3931513699106475	13.80968928653457	-0.050254497842727786	0.6747389750931008
37.0267116687648	2.9338777864040995	-0.004916874647171029	0.02066837161921354	-2.2594577127742212	11.27858032140875	-0.059173649146557324	-0.6198457263508361
37.497922882039305	3.3684355006045434	-0.007441948742947046	-0.09373583992462875	-2.3020463166875444	9.847392893996467	-0.06095520400486892	-0.7829469144164808
37.96284779863542	3.708946455165688	-0.00949269250597694	-0.17235153703424047	-2.421918573797614	9.336822624074806	-0.052557182044060825	-0.71080674429053
38.42340112694606	3.9976996793238873	-0.01095359688223196	-0.23276427526890442	-2.5868237469973696	9.024632825367215	-0.03993650630515832	-0.6497091814054329
38.882615436705436	4.2495250248516	-0.011904802233340452	-0.2894115780413965	-2.8005236253273837	8.775222246015081	-0.02704868007291037	-0.5949969864437636
39.33780227135718	4.468961161697292	-0.01242898051080166	-0.3450300949103562	-3.1279098282085567	8.567108109721222	-0.014123896099314404	-0.5427961809758989
39.79583544835183	4.662899152317822	-0.012604616794074456	-0.40248306720614	-4.342342071733842	8.385478970279078	-0.0009630944265494421	-0.490391069378196
40.26658199975411	4.836584267290538	-0.012485164646356607	-0.46507698306123735	-3.277213221588615	8.22075519757533	0.012669966809457494	-0.4351514884388697
40.763072450769876	4.9936115629799795	-0.01210621954484844	-0.5369256902806555	-3.0132265317253224	8.06803165590857	0.026944290494665533	-0.3740608061717779
41.30712819595794	5.137005848339802	-0.011490764091819112	-0.6244466970192961	-2.900003642442944	7.92576482144257	0.04202272740997624	-0.30278130816871685
41.92411767403814	5.266419555631726	-0.010671717696626637	-0.7371731496237899	-2.8665933992386496	7.798648921408747	0.05788940957690585	-0.21594844544245426
42.609305084743276	5.373538192213464	-0.009765038700805195	-0.88269572052673	-2.900624699691321	7.702722009719846	0.07391204956650739	-0.11237115441568857
43.33300933141865	5.45141968866761	-0.008939711631214018	-1.065570668262102	-2.9962692636972785	7.652628630838276	0.08976603503568527	0.0036690613027948716
44.07319788235244	5.501412151903846	-0.008304441023349164	-1.292720565082511	-3.1503905110141392	7.650055417754125	0.10616824425091673	0.12636712313856177
44.787049489872715	5.5288911075680724	-0.007896462781122741	-1.5572869802632605	-3.351331618926183	7.6844996787302	0.12347270371504716	0.2439994507797558
45.480698156640955	5.542961943853025	-0.007655882555413241	-1.8473558409472426	-3.5815963530967325	7.741681010107076	0.14275612814536545	0.3521344697033777
46.15415205539485	5.550013043363051	-0.007517765726090128	-2.1215304975617415	-3.7978079229478547	7.810864128884809	0.1645969024146657	0.44680757632423806
46.81586993304433	5.553903946765777	-0.007430605750465968	-2.3360417213949254	-3.9550663887621913	7.887857786385473	0.18964194660905845	0.5281956134481303
47.48080132305023	5.556511621832094	-0.00736376504024833	-2.463409167527484	-4.024526190734936	7.974523624948445	0.21907243011668281	0.5989195067227691
48.172141044304695	5.558785799816291	-0.007296757009794782	-2.4816713441649907	-3.9821835545899105	8.077753077999468	0.2551398894596974	0.6620923559442247
48.90145933375067	5.561480083704867	-0.0072047676568437755	-2.3620662002409483	-3.79886440872679	8.205733131970542	0.3001367532290071	0.7182839562409693
49.70552226588151	5.566266346611716	-0.007013641619131298	-2.083988254795749	-3.4535615299690945	8.368879002007578	0.357350186967651	0.7664542335358707
50.58702238574883	5.577568258120241	-0.0064874385339673424	-1.7310609366367886	-3.037184768213868	8.543566797786337	0.42219723789236846	0.7944423006529354
51.57414392691535	5.604305496088488	-0.00507175182062934	-1.4423332671209912	-2.6986544254943357	8.664588707915254	0.4802051285852209	0.7806176082551173
52.72610719052977	5.657708884244581	-0.001999147368557423	-1.2539803550954218	-2.4854908535470814	8.665553490446445	0.5084939720666423	0.7043693308280499
54.02743419021485	5.7393661967288825	0.002776627751790555	-1.1714822663136228	-2.4107055808624778	8.523976518963835	0.49138164530459194	0.5796966599666326
55.48837677710333	5.836736358940899	0.00820321419192449	-1.200040601612957	-2.4710570848209312	8.309825634359589	0.44522078171554275	0.46975831561155307
57.084544605623165	5.923864302048546	0.012691628074645042	-1.3491612093181873	-2.6546774215217193	8.150935611803371	0.4033585343210032	0.4457146106134297
58.52102822732144	5.9745474570591375	0.015143273575414598	-1.5823068200215662	-2.9076429672127695	8.106847120496186	0.38327971590928206	0.5005977925332116
59.75148424663382	5.998604939019787	0.016267727606127366	-1.863022468652413	-3.1987284239716045	8.123071325137174	0.3749853589134957	0.5805820433116394
60.906483195482856	6.009835768670027	0.016782285023711187	-2.190701664815675	-3.5336211185229245	8.160804844857319	0.37052160674812346	0.6654511299419819
62.12913151599397	6.0150676916454495	0.017018256320230855	-2.5795548731727536	-3.9291222778742236	8.204966024131284	0.36686762001793455	0.7529725014877574
63.422028594256304	6.017248065678918	0.017115131923416994	-2.9981614321149186	-4.35416646015154	8.245060023147333	0.36323592392832377	0.8362549924728191
64.83241405027705	6.018139462850602	0.01715415766593246	-3.430023486335241	-4.792389490732334	8.278833314291065	0.35942074017226117	0.9149757591174953
66.4034852081282	6.018504577272589	0.01716991141023835	-3.8654060522674727	-5.234030605772322	8.307059084599931	0.3554861998973852	0.9898898206105291
68.23332069251487	6.018658518977125	0.017176458424900985	-4.312947369348633	-5.687855853907817	8.331803038432854	0.351423265699514	1.0640139649174254
70.38915628788706	6.01872250090573	0.017179140554055672	-4.771072791418928	-6.1522299414012	8.354009621340467	0.34732642094242155	1.1379322022081844
72.83699024457175	6.018748021763701	0.0171801954239507	-5.220152557327658	-6.607222486132467	8.373580691569956	0.3434324127200287	1.2090702316850772
75.59398616280521	6.018758367750857	0.017180617425115067	-5.6570069709346935	-7.049609212557503	8.391066478174576	0.339793385220918	1.2773600526241826
78.86886941819206	6.018762813109379	0.017180796471045565	-6.104613030789569	-7.5026517760179425	8.407747516441864	0.33623344952041107	1.3466144388207393
82.81791656330152	6.018764695700399	0.01718087135864477	-6.567767365630062	-7.97119575175396	8.423962965225625	0.33272701416261	1.4176725298173534
87.65166188837361	6.018765472943067	0.017180901896662704	-7.051121394570385	-8.459933075891474	8.439964710286233	0.329252400065542	1.491301234221567
93.42890741665468	6.01876577609419	0.017180913662718445	-7.541334608500293	-8.955380710445972	8.455412252809099	0.32590324520372493	1.5655273840622976
100.36776637213678	6.018765892911927	0.017180918142971954	-8.039635029931752	-9.45879662634519	8.470449301302308	0.32265979309389153	1.6405975365163903
108.83519748474892	6.0187659375259726	0.017180919834121643	-8.552261497374637	-9.976494284026803	8.485342145835	0.3194747742821831	1.7174965833811064
118.88967810777338	6.018765953808583	0.01718092044426901	-9.064263495334032	-10.493393836960294	8.499731254221196	0.3164279609846799	1.7940247427452523
130.30337526529638	6.018765959616221	0.017180920659518654	-9.554944683330527	-10.988635683576009	8.51315383881039	0.3136169170328378	1.8671566432737952
143.7974432340366	6.018765961832934	0.017180920740827547	-10.046360554708704	-11.484505039032857	8.526291450912774	0.3108963973988238	1.9402242095140803
159.763145432763	6.018765962678108	0.017180920771515024	-10.538691577153259	-11.981198726478263	8.539208200245737	0.30825522958814816	2.013288305535224
178.01237880798965	6.018765962993664	0.017180920782860147	-11.01633594722481	-12.462989841234027	8.551544797216076	0.3057670484876948	2.0840622190247053
199.0870356011729	6.0187659631159365	0.01718092078721495	-11.48623537967061	-12.936898968697653	8.563532634438854	0.303381691267814	2.1536042994584137
223.85675520920904	6.018765963164593	0.01718092078893202	-11.95715752176483	-13.411781372996328	8.575440452975867	0.30104580815595394	2.2232379512962233
252.7877366735184	6.018765963183844	0.017180920789605297	-12.426183079294594	-13.884706007322414	8.587222660101185	0.2987650529366612	2.292547632194504
286.55267077493784	6.01876596319149	0.017180920789870317	-12.893183883180257	-14.355554434942626	8.598907572844729	0.2965327936461061	2.3615324759239393
325.64931435566194	6.018765963194526	0.017180920789974644	-13.355006561575808	-14.821156920168846	8.61044186892819	0.294357482848721	2.4297413098060665
371.2136898716979	6.018765963195751	0.017180920790016332	-13.815128373679299	-15.285028161528833	8.621934159738089	0.2922166207953118	2.4977001559677934
424.44976992170353	6.018765963196246	0.01718092079003308	-14.27479903862624	-15.748434937092918	8.63343422980205	0.29009997167558554	2.5656042395258103
486.677881008558	6.018765963196448	0.017180920790039817	-14.73421944292392	-16.21158394790416	8.64495966989377	0.28800396485068497	2.63349044430617
559.5632406464339	6.01876596319653	0.017180920790042537	-15.194220077126957	-16.675314691298663	8.656542271901486	0.28592349246152815	2.701487794183265
643.9221960800678	6.018765963196563	0.017180920790043623	-15.649624721653206	-17.134408889433054	8.668058265487636	0.28388186789117137	2.768834922192707
742.3275646466847	6.018765963196576	0.017180920790044064	-16.104369724057467	-17.59283197805313	8.679610830340993	0.28186295394689326	2.8361160701514683
856.920076660475	6.018765963196581	0.01718092079004424	-16.557788496231918	-18.04990621813107	8.691184065735053	0.2798731435245542	2.903233262887642
989.4654127099817	6.018765963196583	0.017180920790044314	-17.00721935582697	-18.502940589495918	8.702710549368957	0.2779286420856387	2.969792868950778
1143.19440662676	6.018765963196583	0.01718092079004434	-17.45435380332502	-18.953632325896663	8.714232948382158	0.27602641361964847	3.0360450386006597
1321.904845327282	6.018765963196583	0.017180920790044355	-17.90043716446733	-19.403230007650976	8.725786071610752	0.2741648145771827	3.1021759121689882
1530.0547132391932	6.018765963196583	0.017180920790044355	-18.346359790505147	-19.852626173040896	8.737397718812872	0.2723426897168871	3.1683202540581954
1774.2451001790805	6.018765963196583	0.017180920790044355	-18.795058284549828	-20.304778076516424	8.749154010122949	0.27054920957605355	3.234919247799376
2058.6379251457956	6.018765963196583	0.017180920790044355	-19.24303584768427	-20.756162922790214	8.760974182535842	0.2687975620503439	3.301460128458193
2388.823126656629	6.018765963196583	0.017180920790044355	-19.689008390518495	-21.205491451826358	8.772837416703375	0.26708962573308803	3.367759649076771
2770.928307805023	6.018765963196583	0.017180920790044355	-20.131815062290077	-21.65160259304846	8.784727136037423	0.26542433967244106	3.433653398383824
3212.7273721219076	6.018765963196583	0.017180920790044355	-20.571432718009397	-22.094484922534082	8.796658292017462	0.26379436701476566	3.4991468008592674
3722.8861209582765	6.018765963196583	0.017180920790044355	-21.007662459725665	-22.533951963777085	8.808642143319284	0.2621920159606868	3.564219708228494
4319.576769812673	6.018765963196583	0.017180920790044355	-21.44604693380804	-22.97560039158695	8.820845570084703	0.26058940904547556	3.62970724984767
5025.032948424824	6.018765963196583	0.017180920790044355	-21.890574617134114	-23.42345866306637	8.833395797468519	0.25896653406345355	3.6962145285919923
5845.448563323729	6.018765963196583	0.017180920790044355	-22.33349104746033	-23.869720660959583	8.84608539561002	0.25734842461317226	3.7625879790633765
6785.547250099894	6.018765963196583	0.017180920790044355	-22.76890178999976	-24.308447333805997	8.858744146833091	0.25575646171210936	3.8279435024011454
7864.108372122282	6.018765963196583	0.017180920790044355	-23.19835683009386	-24.74119661447456	8.87140945441484	0.25418670996270265	3.892509337504521
9101.988984474998	6.018765963196583	0.017180920790044355	-23.622798593118883	-25.168913181428167	8.884104532840968	0.2526382309583397	3.956424553863304
10521.473851457313	6.018765963196583	0.017180920790044355	-24.042523718620732	-25.591890493521007	8.896834472346946	0.25111273349299285	4.019731668964046
12147.34659975279	6.018765963196583	0.017180920790044355	-24.457664872887428	-26.010259175899172	8.909603980991113	0.24961121698191016	4.082451103810285
14000.448966363216	6.018765963196583	0.017180920790044355	-24.86687365322832	-26.422660121232834	8.922374680257196	0.2481384063954129	4.144380922461298
16108.421891087812	6.018765963196583	0.017180920790044355	-25.270144010170544	-26.82909000744348	8.935150950807294	0.2466924718518613	4.205522814131977
18516.67162891836	6.018765963196583	0.017180920790044355	-25.669794973597543	-27.2318917357497	8.948012730815474	0.24526175476425335	4.26623206180903
21255.636214538892	6.018765963196583	0.017180920790044355	-26.06451521953116	-27.62975119420503	8.960927442634665	0.24384675812767237	4.326314967282116
24347.98447470682	6.018765963196583	0.017180920790044355	-26.452189429029424	-28.020542241843987	8.973828954502244	0.24245155540488894	4.385451264743386
27839.053461715386	6.018765963196583	0.017180920790044355	-26.833666412453045	-28.405124208065498	8.986744353071884	0.24107079041101012	4.443769718435662
31768.764473682215	6.018765963196583	0.017180920790044355	-27.20866418731315	-28.78321342570142	8.99966048338718	0.23970488647822247	4.501225116848163
36210.6856252978	6.018765963196583	0.017180920790044355	-27.57942314456581	-29.157065608032983	9.012647546694597	0.23834712854182838	4.5581567082427075
41290.663512078965	6.018765963196583	0.017180920790044355	-27.950441784717317	-29.531214097110578	9.025863574818393	0.23698259595494678	4.615255544559438
47107.36589304016	6.018765963196583	0.017180920790044355	-28.32199755198689	-29.905934336928787	9.039321582228162	0.2356128931685818	4.672566179364028
53661.98652588967	6.018765963196583	0.017180920790044355	-28.6883750295142	-30.275459789545312	9.052816143387863	0.2342604321975192	4.729207977293145
61035.837173234664	6.018765963196583	0.017180920790044355	-29.049579161804154	-30.639793968592755	9.066347237238269	0.23292577091362743	4.785181587595123
69342.87612437138	6.018765963196583	0.017180920790044355	-29.406637392921063	-30.999974705359655	9.079954494592222	0.2316041620151221	4.840646868572228
78631.74721387679	6.018765963196583	0.017180920790044355	-29.757485878207657	-31.353922233482955	9.093562189648585	0.23030198751108535	4.895284893235738
88995.69030759006	6.018765963196583	0.017180920790044355	-30.102108060329435	-31.70162186940101	9.107168560902076	0.22901797261936627	4.949092409071812
100562.66891035685	6.018765963196583	0.017180920790044355	-30.44129404067667	-32.04387125722047	9.120803556893064	0.2277486888856782	5.002192044324982
113585.73229204857	6.018765963196583	0.017180920790044355	-30.77839086862089	-32.38404534700061	9.13460053494951	0.2264827249255679	5.055107103894377
128274.2583067846	6.018765963196583	0.017180920790044355	-31.114085645373653	-32.72283534861789	9.148591399290966	0.2252187418499153	5.107947650864385
144663.52962872304	6.018765963196583	0.017180920790044355	-31.445042647294713	-33.0568717340301	9.162637639106848	0.22397081216149833	5.1601889365304325
162964.311107115	6.018765963196583	0.017180920790044355	-31.771971288324433	-33.38686749298098	9.176766835879587	0.22273757782964715	5.211941492197246
183273.77397674203	6.018765963196583	0.017180920790044355	-32.093362399037986	-33.711297870035	9.19091312423945	0.22152522687977821	5.2629660471044115
205896.80978328304	6.018765963196583	0.017180920790044355	-32.41089682767599	-34.03186038019664	9.205151620535311	0.22032683394140462	5.313530097432687
231204.12288078252	6.018765963196583	0.017180920790044355	-32.72616756530797	-34.350163011680976	9.219556916922603	0.21913644070816105	5.363889138209471
259565.15930038088	6.018765963196583	0.017180920790044355	-33.039817387359406	-34.66685707097201	9.234168343229031	0.21795061763251	5.414151592736597
291198.95101939206	6.018765963196583	0.017180920790044355	-33.35050897200767	-34.98059156557141	9.248927301362032	0.21677478903667677	5.464105300978422
326347.2776539882	6.018765963196583	0.017180920790044355	-33.657326087173665	-35.29043925906508	9.263793087464881	0.2156133634403103	5.513604591194702
365492.9662083102	6.018765963196583	0.017180920790044355	-33.9612721524491	-35.59741201751056	9.278814916403268	0.2144631333941398	5.562811697072176
409373.08093633386	6.018765963196583	0.017180920790044355	-34.26438207402019	-35.90356204573243	9.294098705964993	0.21331790449403942	5.612059172127195
457905.67722275824	6.018765963196583	0.017180920790044355	-34.56279333654829	-36.20498756984794	9.309454587520422	0.21219248771577978	5.660722289996475
511496.22440341034	6.018765963196583	0.017180920790044355	-34.85646020150604	-36.50164184832395	9.324881482420201	0.21108709050809135	5.7087943248375606
570351.1652564369	6.018765963196583	0.017180920790044355	-35.14431093794584	-36.79244251724192	9.340321990785846	0.21000530645613638	5.756099190173681
634989.2893206323	6.018765963196583	0.017180920790044355	-35.42690386040932	-37.0779520951532	9.355804353650997	0.20894543953463132	5.802727648792753
706553.5779560773	6.018765963196583	0.017180920790044355	-35.70684807278507	-37.36080481944148	9.371471621712846	0.207898352497719	5.84911027400017
784822.4534447108	6.018765963196583	0.017180920790044355	-35.981084011194994	-37.63790651409137	9.387152419900644	0.20687659842720513	5.8947400668073815
869949.9928080346	6.018765963196583	0.017180920790044355	-36.248727407715386	-37.90836175125289	9.402789468794348	0.20588389162178813	5.939466004200784
962766.4455467804	6.018765963196583	0.017180920790044355	-36.51103751501218	-38.17344137211672	9.418450935284374	0.2049158833696424	5.983495388016019
1.064745543075229e6	6.018765963196583	0.017180920790044355	-36.7703616112167	-38.43551672641501	9.4342778468562	0.2039640125637433	6.027222721001515
1.1756039088377932e6	6.018765963196583	0.017180920790044355	-37.02427692748174	-38.69213794805076	9.4501234019646	0.2030375943348833	6.0702400908716125
1.295862642130655e6	6.018765963196583	0.017180920790044355	-37.27274959139661	-38.9432692564263	9.465982420450587	0.20213709899683238	6.112539981852126
1.4258697977119973e6	6.018765963196583	0.017180920790044355	-37.51544677942623	-39.18857129892086	9.481828259830532	0.201264679198689	6.154062613251574
1.5668333469919516e6	6.018765963196583	0.017180920790044355	-37.75354780472627	-39.4292335550706	9.497733335824785	0.20041684520869052	6.1950071018744275
1.7181896291800016e6	6.018765963196583	0.017180920790044355	-37.985228392568324	-39.66340936357818	9.513570654196304	0.19960093754575473	6.235056772554234
1.8800397065409888e6	6.018765963196583	0.017180920790044355	-38.210193283974405	-39.89079875225469	9.529308553346617	0.19881810088590546	6.274153933764808
2.052161307156289e6	6.018765963196583	0.017180920790044355	-38.427922014928754	-40.11087400876022	9.544895731187989	0.19807022488692744	6.312199504691528
2.2355154154717075e6	6.018765963196583	0.017180920790044355	-38.63945349598484	-40.32468362388588	9.560392132272835	0.19735383856314254	6.349366662239254
2.4305141113422187e6	6.018765963196583	0.017180920790044355	-38.845018944525826	-40.53245991833139	9.57580087110389	0.19666819528749868	6.38568802322168
2.636989252845245e6	6.018765963196583	0.017180920790044355	-39.04429827158436	-40.733877621010535	9.591084138870126	0.19601456877644474	6.421099028830003
2.8540150736116357e6	6.018765963196583	0.017180920790044355	-39.23649121791903	-40.928126589014916	9.606163585169181	0.195395522202891	6.4554476411046045
3.084307769715543e6	6.018765963196583	0.017180920790044355	-39.423974766872355	-41.11760834468554	9.621210274420172	0.19480321878941387	6.489149730213209
3.326859048784513e6	6.018765963196583	0.017180920790044355	-39.60579404750069	-41.30135703896671	9.636136108612435	0.19424056570413353	6.522027005160879
3.582947828233296e6	6.018765963196583	0.017180920790044355	-39.78284153042283	-41.48027392938684	9.651001877263282	0.1937046298319384	6.554233616967483
3.850827940346451e6	6.018765963196583	0.017180920790044355	-39.95394498526843	-41.65317413550713	9.665694313276049	0.19319856921640466	6.58554772455771
4.1317965027639405e6	6.018765963196583	0.017180920790044355	-40.120050379932515	-41.82101359872553	9.680278283704217	0.1927190399760692	6.61613296853003
4.424727835974065e6	6.018765963196583	0.017180920790044355	-40.280623353369506	-41.983252194345376	9.694689693659033	0.19226714250539959	6.645881001570042
4.73278371671647e6	6.018765963196583	0.017180920790044355	-40.43742750749428	-42.14167255583902	9.709074596121962	0.19183718345016107	6.675111459149787
5.054037574140144e6	6.018765963196583	0.017180920790044355	-40.5894829269548	-42.29528488574178	9.723329165835459	0.1914313356374841	6.703633597850918
5.387507347556274e6	6.018765963196583	0.017180920790044355	-40.73649651643225	-42.44379424558372	9.737410178543438	0.19104942522955723	6.7313833083137675
5.732599632762684e6	6.018765963196583	0.017180920790044355	-40.87845638146986	-42.587189091947714	9.751297469324669	0.1906907797351215	6.758347319302982
6.091454316910753e6	6.018765963196583	0.017180920790044355	-41.016419669846904	-42.72653855930736	9.765078113502934	0.190351731748556	6.78471695219449
6.463305537420294e6	6.018765963196583	0.017180920790044355	-41.15021739179591	-42.861671020059326	9.778719642532625	0.19003271219193296	6.81045087968841
6.846083667441002e6	6.018765963196583	0.017180920790044355	-41.27932115982706	-42.9920548560195	9.792152898438632	0.18973370608180365	6.835438608335047
7.243979159586587e6	6.018765963196583	0.017180920790044355	-41.40530030269683	-43.11927426222274	9.805523760656314	0.18945097159034166	6.859973795522036
7.652634655409113e6	6.018765963196583	0.017180920790044355	-41.52691409095247	-43.24207761928176	9.818688409253065	0.18918641596925062	6.88380776486093
8.076746930944979e6	6.018765963196583	0.017180920790044355	-41.64570187025596	-43.362018436236426	9.831798332650592	0.18893673055081842	6.907233428862529
8.51329258562393e6	6.018765963196583	0.017180920790044355	-41.76090785676712	-43.47833400203573	9.844757913807399	0.1887030396459916	6.930094669274617
8.964091042002544e6	6.018765963196583	0.017180920790044355	-41.87313856737447	-43.59163683118948	9.857621005172778	0.1884837236587718	6.95250351381283
9.428934525572779e6	6.018765963196583	0.017180920790044355	-41.98242963484621	-43.70196252103675	9.870379489130228	0.18827860169610589	6.9744600104363
9.906267378288975e6	6.018765963196583	0.017180920790044355	-42.08854080898489	-43.80906868582455	9.882990938630474	0.18808775394365235	6.995907561936917
1.0398957289541224e7	6.018765963196583	0.017180920790044355	-42.19220863589965	-43.91369847426433	9.895529748206263	0.18790970483157846	7.016987428330313
1.0904593693500599e7	6.018765963196583	0.017180920790044355	-42.29301227944636	-44.01542672192773	9.907933266863164	0.18774510832174293	7.037607231916059
1.1427267485499546e7	6.018765963196583	0.017180920790044355	-42.39183470503883	-44.1151435980799	9.920297450000902	0.18759264254655963	7.05794024008693
1.196156415056927e7	6.018765963196583	0.017180920790044355	-42.48772756596011	-44.21189275430211	9.932494309191902	0.18745331996063883	7.077785916714883
1.2515384686392905e7	6.018765963196583	0.017180920790044355	-42.582170843407646	-44.30716461729798	9.944697706546402	0.18732589331422517	7.097442237074409
1.3082601017594462e7	6.018765963196583	0.017180920790044355	-42.67414005450684	-44.399926871346004	9.95676878140796	0.18721110432625715	7.1166922160594766
1.3665417736214267e7	6.018765963196583	0.017180920790044355	-42.76408107152711	-44.49062762538925	9.968752114910346	0.18710881272194105	7.135621111551862
1.426193464727445e7	6.018765963196583	0.017180920790044355	-42.85177587319103	-44.579047038332895	9.980607744555511	0.18701903951974483	7.154176716784983
1.4876070905758772e7	6.018765963196583	0.017180920790044355	-42.93785775926156	-44.66582318975449	9.992410152167748	0.1869411118853527	7.172486585695281
1.5503340217533948e7	6.018765963196583	0.017180920790044355	-43.021758516002755	-44.750383209549625	10.004070784397548	0.18687536864766904	7.19042369053034
1.6148158442558976e7	6.018765963196583	0.017180920790044355	-43.10413150489016	-44.83338549912933	10.015669681347356	0.18682113178087204	7.208121478238468
1.6811714016003076e7	6.018765963196583	0.017180920790044355	-43.18513999966845	-44.91499419193169	10.027222065024464	0.18677830967570772	7.225610530023331
1.749097283087166e7	6.018765963196583	0.017180920790044355	-43.26444422068462	-44.99486737796778	10.0386709689648	0.18674675437476582	7.242812558433609
1.8190492075169142e7	6.018765963196583	0.017180920790044355	-43.34259899059054	-45.07356339221237	10.05008817233825	0.18672629081474562	7.259843094766106
1.890307744202802e7	6.018765963196583	0.017180920790044355	-43.41883854175065	-45.15031200568588	10.061354805024044	0.1867166300226206	7.276531211888814
1.963291524024129e7	6.018765963196583	0.017180920790044355	-43.493677466605725	-45.22563135216427	10.072536536126409	0.18671747503893693	7.2929835383635835
