# This is the file header# problem=SEAS Benchmark BP5-QD
# code=Thrase
# modeler=B. A. Erickson
# date=2023/01/09
# element size=1000 m
#location=on fault, 0km along strike, 8km away from the fault, 0km depth# minimum_time_step=0.1
# maximum_time_step=3.157e6
# num_time_steps=2400
# Column #1 = Time(s)
# Column #2 = Slip_2(m)
# Column #3 = Slip_3(m)
# Column #4 = Slip_rate_2(log10 m/s)
# Column #5 = Slip_rate_3(log10 m/s)
# Column #6 = Shear_stress_2 (MPa)
# Column #7 = Shear_stress_3 (MPa)
# Column #8 = State (log10 s)
t slip_2 slip_3 slip_rate_2 slip_rate_3 shear_stress_2 shear_stress_3 state
# Here is the time-series data.
0.0	0.0	0.0	-9.0	-20.0	13.273061180257438	1.3273061180257436e-10	8.146128033000423
0.07290145234290943	7.290589221987557e-11	-3.852815388065375e-17	-8.99994710557683	-14.975889084067399	13.273182974161422	-1.402920633932249e-5	8.146128033000409
0.6522666446483425	6.52622518896317e-10	-3.0956141987848034e-15	-8.99952556765391	-14.021352561654908	13.274153600553314	-0.00012623501754142728	8.14612803299932
2.5476631988883534	2.553214207759776e-9	-4.862158358945162e-14	-8.998070838406477	-13.407220549294589	13.277503229647943	-0.0005175671511775334	8.146128032983201
5.956063691248455	5.9888866516905886e-9	-2.903920278771991e-13	-8.994841678241203	-12.972741868440542	13.284938586922497	-0.0013978461058136331	8.146128032898602
10.664604849276007	1.0788259806812701e-8	-1.106398719630741e-12	-8.987927243571491	-12.59379967152361	13.300859350996994	-0.003296152321868921	8.146128032616831
13.719677276921962	1.395526956191786e-8	-2.1290649004112487e-12	-8.980117009890602	-12.363025022076028	13.318842399695995	-0.0055151644644635504	8.146128032269589
15.96984748191578	1.6335584806962894e-8	-3.355587171754647e-12	-8.970174770840078	-12.165574745883374	13.34173379742223	-0.008507702521447533	8.146128031865864
17.80769255855835	1.833325175802941e-8	-4.931323281634961e-12	-8.956154565859494	-11.968411345310908	13.374013173524936	-0.013001844486688672	8.146128031370079
19.313785357477677	2.003446997004167e-8	-6.975033991660838e-12	-8.93632198569398	-11.766630706656299	13.419671657286102	-0.01983504403634723	8.146128030764775
20.585150531209056	2.1551772362894015e-8	-9.760868773153672e-12	-8.907725506900853	-11.552684577902374	13.485499025797486	-0.03054273689212895	8.146128030001845
21.588468194013043	2.2842061925560472e-8	-1.3333670869305262e-11	-8.871640629095932	-11.346988816124142	13.568549151552025	-0.04541352625543714	8.146128029111614
22.37005940429544	2.393820889622284e-8	-1.7671027395877494e-11	-8.833362847750532	-11.168586348148253	13.656622239682148	-0.0631131412087123	8.146128028135802
23.092393080286516	2.5051743181214224e-8	-2.36950047701435e-11	-8.789648533163119	-10.993293655575014	13.75716361789938	-0.0860763375711138	8.146128026922206
23.837382246285753	2.6338506033028733e-8	-3.320638481735913e-11	-8.73423300936857	-10.798977157463916	13.884534154897338	-0.11961541876962334	8.146128025241458
24.591459943328932	2.7843330793105512e-8	-4.8668382055860995e-11	-8.663825926243131	-10.582570203644776	14.046182269150199	-0.16936123903943998	8.146128022912313
25.332058176298368	2.9615739612152307e-8	-7.427426378245928e-11	-8.576256524539646	-10.346506567440947	14.246858682263639	-0.24180711391102966	8.146128019710948
26.043584999344976	3.1743183337295485e-8	-1.1738652035307186e-10	-8.470762469222931	-10.097173674501974	14.487908259098257	-0.3424478800171349	8.146128015317261
26.729393147969954	3.4417364332548986e-8	-1.9196595060286891e-10	-8.346329081013609	-9.840527058511157	14.77112373308139	-0.47338616211201545	8.146128009145873
27.38813775732522	3.791418448130066e-8	-3.2131795056456566e-10	-8.203729761538312	-9.584706544471334	15.094354398153477	-0.6278237773800892	8.146128000334409
28.026312000165248	4.272884483489438e-8	-5.467809747172584e-10	-8.042006295722972	-9.330294289390315	15.459767918663571	-0.7960034982313343	8.146127987362089
28.643555743782933	4.964257168834598e-8	-9.379275608837922e-10	-7.86167384449326	-9.076839086838737	15.866581525422518	-0.9667587805038323	8.146127967795374
29.24365244071298	6.006671153923797e-8	-1.6213331299090431e-9	-7.662213448644289	-8.820963706302392	16.31660335456283	-1.1320862056739343	8.146127937250661
29.829229071861707	7.657102317562788e-8	-2.8321781567361795e-9	-7.4427345600466195	-8.558778083626956	16.812528344973657	-1.287032476779347	8.14612788773139
30.39866713545745	1.0382003133545044e-7	-5.007370096307443e-9	-7.204249663430254	-8.288438066407613	17.352531784308606	-1.4294680259330017	8.146127804699598
30.959165113008417	1.5143295865426433e-7	-9.050691620208345e-9	-6.9466875952602765	-8.008454063618	17.93737886955723	-1.555938807679779	8.146127658206366
31.504342147860175	2.3651041780585862e-7	-1.654353620804648e-8	-6.677865558722775	-7.729772285529085	18.551004086603616	-1.646116978178838	8.14612739495688
32.04306448419976	3.9506864647499206e-7	-3.056577079299111e-8	-6.397320067443443	-7.454139300212979	19.196046056316458	-1.6841956855586497	8.146126902844339
32.57110252033729	6.939846150621353e-7	-5.622815946797771e-8	-6.111083280644065	-7.1869761346585115	19.858667718905853	-1.6674670281923276	8.14612597380263
33.090420482765815	1.264124786621254e-6	-1.0235952576719806e-7	-5.82301555213839	-6.929659625586083	20.528672743095015	-1.6058937136440674	8.146124200997427
33.60516960171604	2.361200460931729e-6	-1.840925770547811e-7	-5.535510679795534	-6.681753202184495	21.198905232606556	-1.5138084008133301	8.14612078991401
34.1092347438131	4.4259166620824205e-6	-3.235795719290521e-7	-5.255117211254058	-6.445771231496763	21.85268388662758	-1.4088046070851845	8.146114371902408
34.609299218782155	8.310677599028887e-6	-5.599449402044566e-7	-4.979130886134955	-6.215564614843128	22.495309462095534	-1.3051434354122324	8.14610230021734
35.104167168061934	1.552543320552699e-5	-9.559622858490043e-7	-4.707692579667452	-5.987623173878147	23.126012114642688	-1.2138643438405259	8.146079887116333
35.59092918592742	2.8696804511817755e-5	-1.6132859747234343e-6	-4.441258257729702	-5.760802052740538	23.743873689262497	-1.1376476610557977	8.146038978786567
36.07539692128634	5.287904952599909e-5	-2.7186648218537136e-6	-4.17565034778784	-5.532325759847855	24.35897450395793	-1.071478815201963	8.145963886088044
36.55388227561706	9.676791128171318e-5	-4.563864919306167e-6	-3.9124917139704016	-5.3050488618587455	24.967881419109652	-1.011170859013161	8.145827619443986
37.0267116687648	0.00017602978133871025	-7.633442890628129e-6	-3.6516824124755076	-5.079859562100303	25.571009822164335	-0.9540491071115235	8.145581557977144
37.497922882039305	0.0003200334955339371	-1.276880582855374e-5	-3.3907948159679706	-4.854972200221419	26.17405892111514	-0.8988633882645608	8.145134560903792
37.96284779863542	0.0005786080155746787	-2.1256278325762886e-5	-3.131137547705022	-4.631322404431124	26.77406265051853	-0.8463098948367785	8.144332005201072
38.42340112694606	0.0010455592464429055	-3.536299017517875e-5	-2.868880516482366	-4.405070304980272	27.379975269045545	-0.7966054311103755	8.14288281438706
38.882615436705436	0.0019055768430850442	-5.92707082479163e-5	-2.598256637807923	-4.170548053693134	28.005396180441927	-0.7498084060230947	8.140213921043873
39.33780227135718	0.003515691234336629	-0.00010046034811776977	-2.317213014126188	-3.925486370213599	28.655790928255875	-0.706218424771006	8.135217546082101
39.79583544835183	0.006671325293492532	-0.0001746991907093512	-2.0213138826620733	-3.6661524285142804	29.34309659963835	-0.6647638547663984	8.125425734122038
40.26658199975411	0.013211680302600955	-0.0003158292624168136	-1.7118110752397782	-3.39482585021426	30.067496362970097	-0.6238533221477163	8.10513215196459
40.763072450769876	0.027364339791474037	-0.000594509996801203	-1.4021086829364324	-3.126166325356429	30.799156639583565	-0.5814082395031102	8.06122062321818
41.30712819595794	0.05821477431711786	-0.0011442228652826982	-1.11831090590585	-2.8880466954377684	31.457215136022995	-0.5345452601302154	7.965504181062845
41.92411767403814	0.12117552877859686	-0.0021476457305077148	-0.8902426937352277	-2.7115415505014395	31.88916987046091	-0.481220762812247	7.770168580241789
42.609305084743276	0.22915326345000683	-0.0036715964279162606	-0.7327676391269038	-2.6089218481533147	31.934279103618195	-0.4247201910128241	7.435177082358139
43.33300933141865	0.38134881217603167	-0.005569126125110313	-0.6313052486104201	-2.5613671610265416	31.578313521604123	-0.3709599461538193	6.9630140271848955
44.07319788235244	0.5697390236904345	-0.007651624917213515	-0.5620450592272013	-2.543593558374488	30.915843642317242	-0.32257640907338075	6.378572429898439
44.787049489872715	0.7778437735603289	-0.00970519945134371	-0.5107427465012973	-2.5400964934258035	30.078376134992787	-0.2811257577378041	5.732978800881037
45.480698156640955	1.0030597786227031	-0.011699870989834776	-0.4673385279511173	-2.543275093109875	29.121981034072487	-0.24450308858315745	5.034309395835614
46.15415205539485	1.2435714796921118	-0.01361248954523836	-0.4274870508189478	-2.550833961761316	28.076991917269496	-0.21135068806042687	4.2882007108300995
46.81586993304433	1.5021805717207555	-0.01544886780904391	-0.3889162316772261	-2.5639041838519647	26.941117513634012	-0.18006431534799433	3.4859905557025406
47.48080132305023	1.78597510984652	-0.01721731673814635	-0.3513409864386421	-2.5898990256946366	25.678643101416583	-0.14825659857753318	2.605915845551663
48.172141044304695	2.106546797326719	-0.018894686405385858	-0.3180190989661724	-2.6475144752333133	24.207262793477224	-0.11335751286109125	1.6142909374980796
48.90145933375067	2.4661883327718477	-0.02036102782876642	-0.30139757566772213	-2.758857451609107	22.465231916408346	-0.07835217025688843	0.5330912048023603
49.70552226588151	2.8485815895028717	-0.021466365816624818	-0.36971963153862475	-3.003780607031422	20.541599125605934	-0.04770602968812326	-0.2950134525896312
50.58702238574883	3.155937570252746	-0.022063261226593692	-0.5527559591572918	-3.352314798679701	19.335104651186946	-0.030675220097337867	-0.3565084117096117
51.57414392691535	3.385758311870169	-0.02236712394509911	-0.7065753271185203	-3.6813224260498973	18.818059065749758	-0.019944710112854817	-0.22715127027966325
52.72610719052977	3.5816705978155703	-0.022536144909247727	-0.8286555955541316	-3.9904966643978605	18.525996545734134	-0.01276263972885475	-0.10454175081343935
54.02743419021485	3.7518901384034997	-0.02263495546478953	-0.9373132024749221	-4.246964575781375	18.308020580458447	-0.008974081692131427	0.0020568069121242255
55.48837677710333	3.900943037052146	-0.0226984555569876	-1.0466084906015203	-4.491912922838917	18.11042446095308	-0.00649567364382847	0.10219441725422038
57.084544605623165	4.026443603016501	-0.0227333132048057	-1.1658022431812942	-4.920688053079443	17.908435747207587	-0.003148994072718843	0.2018863861306016
58.52102822732144	4.112891330506548	-0.022739888258000863	-1.278597320428726	-5.739526943263537	17.72661818158989	0.0006133329086542835	0.2888092241369843
59.75148424663382	4.17082487694708	-0.022733192262890122	-1.377526938627928	-5.086870356514246	17.5755135154772	0.003432136920054573	0.3619380665927271
60.906483195482856	4.214486262012175	-0.022722284949023886	-1.4684032070485056	-4.99014609912026	17.444601118212105	0.005247085625998142	0.42849767371918474
62.12913151599397	4.251956944199803	-0.022709643981230303	-1.5593049260332468	-4.990539148118785	17.32139915698171	0.006417246882626159	0.49555814527120046
63.422028594256304	4.284170482755722	-0.02269696484833042	-1.6478718836380721	-5.030663741852493	17.20839238672356	0.007127684077423636	0.5618380001057736
64.83241405027705	4.312857653600254	-0.022684659242905136	-1.7353125250508572	-5.089813937637432	17.103058338949975	0.0075608803337900935	0.6284172894803428
66.4034852081282	4.338994334740404	-0.022672857500469306	-1.8222852067799062	-5.159484348944546	17.00378785473395	0.007822517362381983	0.6958368163468339
68.23332069251487	4.363839642842527	-0.022661273166302922	-1.9115874104445034	-5.237901458653027	16.90692270442103	0.007975364097563423	0.7663093660553205
70.38915628788706	4.387604538196519	-0.02264997104622176	-2.003146607906069	-5.322938679836425	16.81230831597503	0.008050730223676972	0.8398402929742423
72.83699024457175	4.409503261253012	-0.022639439661588986	-2.0928628130639026	-5.409334253792918	16.723668916311155	0.008069750740236397	0.9130962038377147
75.59398616280521	4.429626949997174	-0.022629711546176455	-2.1798410309217346	-5.495147264785622	16.641105280291278	0.008051484001545137	0.985182399328245
78.86886941819206	4.449155770195822	-0.022620262285861482	-2.2683520993492983	-5.584021851427396	16.560131374942213	0.008005602561446872	1.0595717059891707
82.81791656330152	4.468312011951761	-0.02261101683579361	-2.359053609780702	-5.676324264063098	16.479978163517387	0.007937540927738625	1.13681438920942
87.65166188837361	4.487276169375104	-0.022601907164106826	-2.4525546131908555	-5.7725010434820625	16.40001561482217	0.007850509279095294	1.2174483902270479
93.42890741665468	4.505549983752309	-0.022593191441335446	-2.5460796972117	-5.869519083031938	16.32240785872888	0.007750769825381442	1.2990389737306607
100.36776637213678	4.52324248879076	-0.022584826579244998	-2.639720276746073	-5.967305347890884	16.24686017222448	0.007641601246299606	1.3816235413451765
108.83519748474892	4.540619371638812	-0.022576695988391595	-2.734556478315739	-6.06687348955254	16.17230703158271	0.007524107062153357	1.4661052869502351
118.88967810777338	4.55723540581368	-0.022569008368179932	-2.827819115828448	-6.165186199211387	16.100687030705085	0.007404186079806054	1.5499367848695498
130.30337526529638	4.572545627529898	-0.022562009938878136	-2.91589256843792	-6.2583758847671795	16.034451872497623	0.00728736969273745	1.629744631657208
143.7974432340366	4.5873425521744124	-0.022555326443275535	-3.002875283231866	-6.350682368863236	15.970261922839807	0.007169765529042902	1.7091416630724003
159.763145432763	4.60168801408863	-0.02254892523726489	-3.088899880701252	-6.442217474637641	15.907837480752457	0.00705169551299814	1.7881716633786857
178.01237880798965	4.61519548845688	-0.022542973696476978	-3.1713460262892452	-6.53015575055685	15.8489373097338	0.006937299162133839	1.864370449656316
199.0870356011729	4.628130722479668	-0.02253734732908006	-3.2515752032902676	-6.615918479472733	15.79239468358606	0.0068250323332802	1.938905557886663
223.85675520920904	4.640778926313977	-0.02253191800648655	-3.3311624224628433	-6.701184036024107	15.737026583354982	0.006712759144668572	2.0132116473435873
252.7877366735184	4.653093439702502	-0.022526700297929345	-3.409695177671399	-6.785527384456885	15.683025333148173	0.006600816157834699	2.086858676370984
286.55267077493784	4.665102180713074	-0.02252168075450741	-3.4872218850523287	-6.869008802896788	15.630295372294523	0.006489037251292224	2.159864260211115
325.64931435566194	4.676753775471783	-0.022516877323683675	-3.563294271686064	-6.951149770733168	15.579072454607953	0.006378023250255666	2.2317731062074198
371.2136898716979	4.6881618879775315	-0.02251223933306436	-3.6385500386819127	-7.032631246913897	15.528871959521414	0.006266985658344326	2.303161497693227
424.44976992170353	4.699377442488696	-0.022507744401979148	-3.7132455013001398	-7.113709523294219	15.479480165740574	0.006155911251265713	2.3742519066864882
486.677881008558	4.710422052261464	-0.0225033846321688	-3.787456989115875	-7.194437245671259	15.430809168168453	0.006045168961775589	2.4450985451848517
559.5632406464339	4.721330140332252	-0.022499144275624536	-3.86135775409297	-7.2749645540489	15.382712799895433	0.005935073911573566	2.5158505812873453
643.9221960800678	4.731993685573439	-0.022495061071235837	-3.9341557181237023	-7.354377186698859	15.335672888639937	0.005827487731090445	2.585732482373853
742.3275646466847	4.7425184487188226	-0.022491091878489477	-4.006517050482117	-7.433360243902419	15.289226806409367	0.005721927223710636	2.6553670293846214
856.920076660475	4.752899685174622	-0.022487235284294815	-4.078365203617359	-7.511794815963444	15.243396644537576	0.005618910804606104	2.724666388284938
989.4654127099817	4.7630872817429735	-0.022483506005216234	-4.149307830946291	-7.589220581794406	15.198406883499494	0.005519316718474894	2.7932384938525967
1143.19440662676	4.7731295575899315	-0.02247988431337311	-4.219638989770743	-7.6659294314152655	15.154047206916236	0.005422982389999799	2.8613548600613172
1321.904845327282	4.7830628637846475	-0.02247635447193341	-4.289578177326644	-7.7421455705084545	15.110160733973814	0.005329686831853327	2.9292182432308316
1530.0547132391932	4.792914251939573	-0.02247290354269929	-4.359286602221231	-7.81807061521685	15.066630305676878	0.00523880362067383	2.9969764794420226
1774.2451001790805	4.80275464206137	-0.02246950765331422	-4.429241810292547	-7.894258122802999	15.023148533064852	0.005149257955018226	3.0650889685672373
2058.6379251457956	4.81251325539118	-0.02246618750227146	-4.498917830334604	-7.970177907021684	14.98003231499482	0.005061190375935625	3.133038239183014
2388.823126656629	4.822168956664334	-0.02246294725869872	-4.568136173793117	-8.045687382186236	14.937382545410824	0.004974200593644412	3.2006451100815
2770.928307805023	4.831703606976183	-0.022459796242739277	-4.636738694804341	-8.120657972774234	14.89528687896526	0.004887981956125546	3.2677498130773683
3212.7273721219076	4.841123569815538	-0.022456725696139577	-4.70474365730465	-8.195155463534435	14.853724980691824	0.004802015664111518	3.3343652369143877
3722.8861209582765	4.85043111092165	-0.022453738024070947	-4.772140808375423	-8.269193398352227	14.812696100495842	0.004716083902489075	3.400477533003371
4319.576769812673	4.8597496262043345	-0.022450796030157334	-4.839802261347691	-8.343738977353095	14.77166466405514	0.004629059084079305	3.46693968298244
5025.032948424824	4.869167387701791	-0.022447869299785997	-4.908358851229657	-8.419446276940869	14.730241950731985	0.004540696291166448	3.5343679026941546
5845.448563323729	4.878523657314379	-0.022445007882540988	-4.976625379097407	-8.49494943094811	14.689142249243472	0.004453201889778774	3.601595571789332
6785.547250099894	4.887698165769369	-0.022442247077163687	-5.043703507448971	-8.56917804636579	14.64889697046996	0.0043684803404687965	3.667732704445606
7864.108372122282	4.8967275364563205	-0.022439574585224196	-5.109840966616849	-8.642328200825977	14.609344181222827	0.004286901319072044	3.733015980900121
9101.988984474998	4.905635044797135	-0.022436979820106694	-5.175192111138184	-8.714534534969696	14.570379617223745	0.004208510772853319	3.797590940268559
10521.473851457313	4.914429975415027	-0.022434460165261013	-5.239810223619706	-8.78585275519769	14.531962058511924	0.004133155298662454	3.8615048408691037
12147.34659975279	4.923118181065301	-0.022432008390886157	-5.303724039944133	-8.856345588587116	14.494067590878295	0.0040603992006901	3.9247822177576714
14000.448966363216	4.931674569614021	-0.02242963139672207	-5.366734572444947	-8.925864719423393	14.456808850989102	0.003989718842430043	3.987223028101555
16108.421891087812	4.9401021467454385	-0.022427323954190077	-5.428850000908727	-8.99449916187876	14.420175825946886	0.003920318886412906	4.048832429475737
18516.67162891836	4.948452276026188	-0.022425072018026435	-5.4904367503820595	-9.062723270109515	14.38394780353146	0.003851160146615205	4.109971231296305
21255.636214538892	4.956700494906562	-0.02242288104935384	-5.5513017265554385	-9.130383298526128	14.348236493911678	0.003781960201315225	4.170446689330504
24347.98447470682	4.964805061630695	-0.022420759514359245	-5.611125837396116	-9.19714008021703	14.313224190668596	0.00371298530959093	4.229938929500866
27839.053461715386	4.972785700097875	-0.022418703951655322	-5.670044481988523	-9.263121118820134	14.278827109355783	0.003644314913400388	4.288579994968232
31768.764473682215	4.9806381382182625	-0.022416714711742333	-5.728016976520189	-9.3282284773062	14.245064028987825	0.003576456151876141	4.346326534984008
36210.6856252978	4.988410399435447	-0.022414780457212534	-5.785391353149266	-9.392783769457576	14.211725563678478	0.0035095739361586152	4.403521366588814
41290.663512078965	4.99619818808742	-0.022412873180129314	-5.842865420453629	-9.45754478647665	14.178405497052438	0.003443087239607906	4.460859697368982
47107.36589304016	5.0040086836016195	-0.02241099319551537	-5.9004878115954495	-9.522527464118047	14.145070283378683	0.0033772674722574677	4.51838695616025
53661.98652588967	5.011723088000677	-0.022409168823609913	-5.957374303444917	-9.586767279235685	14.11223119385256	0.0033128571296436944	4.575220237135181
61035.837173234664	5.019342763681894	-0.022407396393676164	-6.013528156893525	-9.650321337865414	14.079884322321606	0.0032494204232330205	4.631361635423241
69342.87612437138	5.026890641237718	-0.02240567004203358	-6.069112811035435	-9.713408049827166	14.047932344539332	0.0031865238120362847	4.686972721945897
78631.74721387679	5.034324408732405	-0.022403998610208194	-6.1238102940037535	-9.775727092725539	14.01655730902555	0.003124097348986122	4.7417349559632775
88995.69030759006	5.041644664989942	-0.022402381296743764	-6.1776201528276244	-9.837295875173439	13.985756715678251	0.0030620356803617325	4.795646291747445
100562.66891035685	5.048869048519677	-0.022400813022419662	-6.230667067347614	-9.898244737480494	13.955457459277843	0.0030003119176628913	4.848830642331684
113585.73229204857	5.056069637326598	-0.022399278087872843	-6.283476022446718	-9.959151193983876	13.925357113717016	0.0029385370436567537	4.901812870683034
128274.2583067846	5.06326227716262	-0.0223977737716391	-6.336157061426172	-10.020090447976477	13.895393231979902	0.0028769840557199273	4.954703543997103
144663.52962872304	5.070376382153846	-0.022396314947661318	-6.388188922878103	-10.080427693528934	13.865859754169456	0.002816488825995281	5.006977857085551
162964.311107115	5.077427734069765	-0.02239489750124031	-6.439683510604573	-10.140290110407115	13.836691249402252	0.002756929436128051	5.058747129508531
183273.77397674203	5.084384398798966	-0.02239352535866723	-6.490404192334934	-10.199437565240567	13.808020458927613	0.0026983485591612257	5.109772718340295
205896.80978328304	5.091283482961034	-0.022392189561986454	-6.540617623019458	-10.258223646539381	13.779696385772393	0.002640180536822905	5.16032272975944
231204.12288078252	5.098160514137247	-0.02239088459192771	-6.590578611367549	-10.316990052712757	13.75157406102113	0.0025819092341726572	5.210652965069321
259565.15930038088	5.10503103881096	-0.022389608749488275	-6.640393377616149	-10.375854661756403	13.723596219328622	0.0025235193980403985	5.260871892620544
291198.95101939206	5.1118667790342025	-0.022388364793564996	-6.689852400484186	-10.434609076761273	13.695879402691537	0.002465092650906828	5.31076763624117
326347.2776539882	5.1186484017242755	-0.022387157792309625	-6.738811396524988	-10.493047877078611	13.668505103127368	0.002407046824342151	5.360195007610595
365492.9662083102	5.1253987545925295	-0.022385982679104736	-6.787431472469914	-10.551324013506619	13.64138240962927	0.0023494480290665973	5.409316173949391
409373.08093633386	5.132164164859084	-0.02238483119884192	-6.836041164569286	-10.609856666599171	13.614328224096804	0.00229182110603869	5.4584631599444915
457905.67722275824	5.13885944413069	-0.022383718133208143	-6.884024023085204	-10.667930285858345	13.587685460698836	0.002234802878752035	5.507012600419567
511496.22440341034	5.14548409459069	-0.02238264124296416	-6.931373499116419	-10.725531052650823	13.561458159717827	0.0021784562121567454	5.554958103726018
570351.1652564369	5.1520141734756315	-0.022381604835386648	-6.977917252341771	-10.782479595780375	13.535740543944081	0.002122851806440312	5.602124443840583
634989.2893206323	5.158462458313607	-0.02238060594427451	-7.02374484777599	-10.83891675900748	13.510483408594729	0.0020677545123569136	5.6486025488608975
706553.5779560773	5.164888922189462	-0.02237963376135746	-7.069279962824606	-10.89535282512949	13.485452606309698	0.002012763113202834	5.6948217374339185
784822.4534447108	5.1712236920437515	-0.022378698700062535	-7.114025605416211	-10.951142935933936	13.460920299840302	0.0019586526403987522	5.740276951992994
869949.9928080346	5.177445862728519	-0.022377803904402294	-7.15783489545022	-11.006096141888587	13.436965681224152	0.0019056360565934244	5.78481820959952
962766.4455467804	5.183584324108381	-0.022376944620247297	-7.200911815450423	-11.060488524576604	13.41347627631425	0.0018533807005724936	5.828652358128134
1.064745543075229e6	5.189694362700625	-0.02237611077401875	-7.2436424364510295	-11.114846613562786	13.3902416156458	0.0018012924821201063	5.872172285006092
1.1756039088377932e6	5.195719251098903	-0.022375311307572615	-7.285628248270891	-11.168669877739974	13.367478352809796	0.0017498783582378936	5.9149720987061265
1.295862642130655e6	5.201657971581207	-0.022374545705581568	-7.3268624387215375	-11.221949667493186	13.345189776998955	0.00169917271382427	5.957044621145455
1.4258697977119973e6	5.2075021041331295	-0.022373813840552204	-7.3672877642544305	-11.274614825090099	13.323405538651564	0.0016492564314818457	5.998330697121926
1.5668333469919516e6	5.2132796816576725	-0.02237310935788858	-7.407099038498161	-11.32691858732822	13.302019404039719	0.001599919118789684	6.039028562702492
1.7181896291800016e6	5.21894592524018	-0.02237243816465901	-7.4459890040790935	-11.378451284652	13.281195828663321	0.001551582596922664	6.078823770958465
1.8800397065409888e6	5.224492348673532	-0.022371800351417358	-7.483903618249581	-11.429095362247576	13.26096104092842	0.001504469040693547	6.117659452825061
2.052161307156289e6	5.229904415857179	-0.02237119670749113	-7.5207488571602195	-11.478763291422972	13.24136262298112	0.001458539667108187	6.155437796142045
2.2355154154717075e6	5.235206292118501	-0.022370622152575858	-7.556694216954492	-11.52765761580618	13.222308190113296	0.0014136564425918413	6.192331299662363
2.4305141113422187e6	5.240402231943693	-0.022370074988405056	-7.591773852276373	-11.575773393088397	13.203775827371844	0.001369930710152461	6.228372812947642
2.636989252845245e6	5.2454825482370495	-0.022369555326531534	-7.625926116981532	-11.62308960026629	13.185797685503712	0.0013272200218403087	6.263498758371196
2.8540150736116357e6	5.250424802971343	-0.022369065386663164	-7.659007033998812	-11.669428973325532	13.168445887185428	0.0012856198938020846	6.297558929862884
3.084307769715543e6	5.255288334255036	-0.022368597446781824	-7.691419517293379	-11.715298842452363	13.151505687926285	0.0012447901754225974	6.330966196336168
3.326859048784513e6	5.260047019244736	-0.02236815339866977	-7.7229933199056475	-11.760451563609285	13.135064601383803	0.0012049637154537042	6.363544237474325
3.582947828233296e6	5.26472274377381	-0.02236773066993749	-7.75387817799279	-11.80511607685321	13.119042316768436	0.0011659078705971578	6.3954461968199485
3.850827940346451e6	5.2692827892506315	-0.022367331735560145	-7.78386317342727	-11.84899428684694	13.103545829828414	0.00112786655499694	6.4264528071083085
4.1317965027639405e6	5.27375041135701	-0.022366953203851285	-7.813107250194646	-11.892329829396672	13.088489844449812	0.0010906036859587246	6.456726602179418
4.424727835974065e6	5.278109208128778	-0.022366596168511665	-7.841508680237631	-11.934972249362271	13.073924273705776	0.0010542470537989565	6.486160847273763
4.73278371671647e6	5.28240555880667	-0.022366255893336573	-7.869374326127207	-11.977370539749971	13.059689393042166	0.0010184427814871983	6.515072202530109
5.054037574140144e6	5.286611029031681	-0.022365933733843525	-7.896523987581685	-12.019308484577573	13.045874940166781	0.0009833060561920553	6.543272364368209
5.387507347556274e6	5.290715571897644	-0.02236562991622469	-7.922899081006303	-12.060682385205807	13.032507201169292	0.0009489529262878945	6.5706984425513575
5.732599632762684e6	5.29471654145247	-0.02236534380508639	-7.948488955816269	-12.101471266559486	13.019589051060553	0.0009154085525701278	6.597337901116028
6.091454316910753e6	5.298641747821238	-0.022365072865597812	-7.973477549838746	-12.141992169131006	13.007024218297467	0.0008823955913095284	6.623380243580806
6.463305537420294e6	5.302484539582939	-0.02236481692960856	-7.997827622663341	-12.182222764748335	12.994828708454671	0.0008499148493804169	6.648785084250591
6.846083667441002e6	5.30622779141187	-0.02236457668386885	-8.021436793471475	-12.22196872818306	12.98305078001731	0.0008181723924316611	6.673443859903157
7.243979159586587e6	5.309914968874708	-0.022364348715864343	-8.044585124750986	-12.261742528869378	12.971546812087098	0.0007867456732542634	6.697646822181531
7.652634655409113e6	5.313508196492381	-0.02236413505152918	-8.067039286772136	-12.301190023920455	12.960431156864214	0.0007559076009649567	6.721149081488587
8.076746930944979e6	5.317051135967857	-0.02236393267323163	-8.08907767986793	-12.34078113926861	12.949562324275314	0.0007253567064381482	6.744239907136323
8.51329258562393e6	5.320519760522301	-0.022363742430474034	-8.110555039941154	-12.380330938816503	12.939009671298429	0.0006952246123400919	6.76676577546767
8.964091042002544e6	5.323930599519752	-0.02236356307858823	-8.131578894038158	-12.420027311057689	12.928716951855167	0.000665437100283913	6.7888374860704985
9.428934525572779e6	5.3272832619177395	-0.022363394426085575	-8.152150784171285	-12.459968578420105	12.91868130409983	0.0006359169343812899	6.810455437785237
9.906267378288975e6	5.3305686447458145	-0.022363236345968894	-8.172219919926134	-12.500062602944336	12.908924159311736	0.0006068025068366799	6.8315643200465574
1.0398957289541224e7	5.3338079758178765	-0.022363087643202675	-8.191920354539267	-12.540637563494114	12.899377582456912	0.0005778984722864306	6.852303532093474
1.0904593693500599e7	5.33698666560663	-0.02236294865436515	-8.211167175367803	-12.581642648603859	12.890080776466867	0.0005492627736499	6.872582557892443
1.1427267485499546e7	5.340131078263114	-0.022362818158770066	-8.230124371344521	-12.623408313083209	12.880950991138773	0.0005207916184156734	6.892572132085149
1.196156415056927e7	5.343209826236875	-0.022362697078454764	-8.248605702533574	-12.665649842856487	12.87207719104785	0.0004927248831118917	6.912075450523309
1.2515384686392905e7	5.346268815236456	-0.02236258331132753	-8.26689122588438	-12.709008532495833	12.86332077798039	0.0004647675449465765	6.931385665892721
1.3082601017594462e7	5.349274007013035	-0.022362477977808718	-8.284779578810634	-12.75315200593313	12.854777760651064	0.0004372120727575644	6.950289889485353
1.3665417736214267e7	5.352238333452925	-0.022362380300906568	-8.302352244212262	-12.798301389278105	12.84640572304685	0.00041004591433964615	6.968872203784234
1.426193464727445e7	5.355153258085296	-0.0223622902780446	-8.319561848927362	-12.844341054816955	12.838225818751662	0.0003834650651980658	6.987081693755819
1.4876070905758772e7	5.3580384979716404	-0.022362207080012065	-8.33652824613647	-12.891723616170745	12.830178799610172	0.00035730355615522523	7.005043855446092
1.5503340217533948e7	5.360873710687924	-0.022362130838745744	-8.353135038518813	-12.94015186247748	12.822318021376827	0.0003318560351652504	7.022634388574826
1.6148158442558976e7	5.363679665897353	-0.022362060953022463	-8.369506778126395	-12.990132492473627	12.81458321315844	0.0003069578690275745	7.03998446212372
1.6811714016003076e7	5.366460995391516	-0.022361996958181758	-8.385673237534425	-13.041778504290432	12.806958010667813	0.0002827097059463441	7.057124296968495
1.749097283087166e7	5.369204993034117	-0.022361938904022913	-8.401562448801737	-13.095064388258084	12.79947607516275	0.00025923298068825616	7.07397742771787
1.8190492075169142e7	5.371929851315875	-0.022361886106375076	-8.417282602016261	-13.150414626965395	12.79208418848565	0.00023648809561341725	7.09065729135402
1.890307744202802e7	5.374607941498375	-0.022361838847387693	-8.43267627552038	-13.207520883630089	12.784856190447739	0.00021470948940439442	7.106996749960942
1.963291524024129e7	5.377256046136775	-0.02236179651643002	-8.447843174275247	-13.266886151497339	12.777743297238377	0.00019382561996118784	7.123100494767415
