# This is the file header# problem=SEAS Benchmark BP5-QD
# code=Thrase
# modeler=B. A. Erickson
# date=2023/01/09
# element size=1000 m
#location=on fault, 0km along strike, 8km away from the fault, 0km depth# minimum_time_step=0.1
# maximum_time_step=3.157e6
# num_time_steps=2400
# Column #1 = Time(s)
# Column #2 = Slip_2(m)
# Column #3 = Slip_3(m)
# Column #4 = Slip_rate_2(log10 m/s)
# Column #5 = Slip_rate_3(log10 m/s)
# Column #6 = Shear_stress_2 (MPa)
# Column #7 = Shear_stress_3 (MPa)
# Column #8 = State (log10 s)
t slip_2 slip_3 slip_rate_2 slip_rate_3 shear_stress_2 shear_stress_3 state
# Here is the time-series data.
0.0	0.0	0.0	-9.0	-20.0	13.273061180257438	1.3273061180257436e-10	8.146128033000423
0.07290145234290943	7.292243591454359e-11	5.156465705647916e-16	-8.999750180203867	-13.849521872820915	13.27363641037275	0.00018759368938917	8.146128033000357
0.6522666446483425	6.539380142102888e-10	4.113552068129584e-14	-8.997783472098716	-12.899459276067736	13.278164827826238	0.0016651840850139224	8.14612803299524
2.5476631988883534	2.5733588438062427e-9	6.362694105470912e-13	-8.991205314892557	-12.29346624628909	13.293310163074505	0.00662784291185319	8.146128032920716
5.956063691248455	6.106035375870044e-9	3.763350261158448e-12	-8.977045833487393	-11.860740095317432	13.325904572133494	0.01741816647777955	8.146128032535193
10.664604849276007	1.12290022236515e-8	1.449040463416687e-11	-8.94710000875663	-11.467615840348941	13.394811522300218	0.040403666291916496	8.146128031249562
13.719677276921962	1.4801537273820131e-8	2.8318417465129455e-11	-8.914612953303449	-11.229829386372591	13.469526105601759	0.06518323092664603	8.146128029644256
15.96984748191578	1.765481556756037e-8	4.492119061939396e-11	-8.876574164234897	-11.037016904179874	13.55695977070472	0.09369567998120129	8.1461280277732
17.80769255855835	2.02278537377661e-8	6.58263976958423e-11	-8.828023228777914	-10.85201858973881	13.668485173107817	0.12933766765314864	8.146128025492288
19.313785357477677	2.2619603782842725e-8	9.201355021758029e-11	-8.766656128534313	-10.6677331670583	13.809345272555282	0.17341874932183157	8.14612802274444
20.585150531209056	2.498919565744617e-8	1.2610669833083966e-10	-8.688556238042057	-10.475750804538658	13.988456663689956	0.22833644503078954	8.146128019336862
21.588468194013043	2.725291641682271e-8	1.6754083385622893e-10	-8.602514040281172	-10.295235039833218	14.185592549133279	0.287823653725538	8.146128015425782
22.37005940429544	2.9388228295206892e-8	2.1463331104826851e-10	-8.5249390385136	-10.149745078562816	14.36316924069231	0.3407565697450138	8.146128011224786
23.092393080286516	3.173670197672645e-8	2.7408217668136104e-10	-8.452232547064702	-10.024519811602696	14.529493844376296	0.3890121991916071	8.146128006177996
23.837382246285753	3.459969323061395e-8	3.5494294981462554e-10	-8.380074521733285	-9.909254903794759	14.69450725356972	0.43448485784372726	8.14612799960419
24.591459943328932	3.800690513348175e-8	4.5999378425379503e-10	-8.31173047276403	-9.807141064697953	14.850788634311698	0.47461222994190666	8.14612799136887
25.332058176298368	4.189431018062014e-8	5.882036312002266e-10	-8.249668054175004	-9.71953931569391	14.99272874359189	0.5081704672460067	8.14612798160059
26.043584999344976	4.61675140672192e-8	7.365006437045567e-10	-8.194514236815852	-9.645096130195027	15.118899654693585	0.5357205317259301	8.146127970543917
26.729393147969954	5.0810276789272624e-8	9.04021391258379e-10	-8.145472278638389	-9.581163791352667	15.2311187540271	0.5585220090338935	8.146127958259662
27.38813775732522	5.576945300390434e-8	1.088440074885966e-9	-8.102095417663476	-9.52623454280101	15.330404793258142	0.577317200828742	8.146127944908644
28.026312000165248	6.104938502973053e-8	1.2894697802865368e-9	-8.063324319033784	-9.478382103641986	15.419179236649963	0.5929300650778261	8.146127930497563
28.643555743782933	6.660619912304794e-8	1.505007071864796e-9	-8.028601214935321	-9.436494037996544	15.498713976927815	0.6059026340770401	8.146127915161543
29.24365244071298	7.243513405927164e-8	1.7344559794089084e-9	-7.997222872457268	-9.399395609958246	15.570613352163083	0.6167838350145081	8.146127898927144
29.829229071861707	7.852881515760859e-8	1.9771789425128517e-9	-7.9686634438537665	-9.366227627104132	15.636076376045004	0.625984528960647	8.146127881825443
30.39866713545745	8.483813932515666e-8	2.230897687584126e-9	-7.942671191719559	-9.336522412411012	15.695675028369244	0.6337657678738495	8.146127864003905
30.959165113008417	9.141609007378606e-8	2.4974705810331095e-9	-7.918651991211547	-9.309476166538222	15.750767685666046	0.6404386754409199	8.146127845320397
31.504342147860175	9.816198184262963e-8	2.772563772382791e-9	-7.896649663141941	-9.285043677517182	15.801250580334315	0.6460965855450786	8.146127826067747
32.04306448419976	1.0516233127806261e-7	3.0594777986546577e-9	-7.87611139031904	-9.262536786384272	15.848389326780099	0.6509681425604629	8.14612780600488
32.57110252033729	1.1234369460604903e-7	3.355005480176108e-9	-7.857041563747009	-9.241901482582268	15.892171452213425	0.6551237181478098	8.14612778534672
33.090420482765815	1.197126259718067e-7	3.659226919977259e-9	-7.839224560877577	-9.222851898526384	15.933089662422434	0.658677248213357	8.14612776407904
33.60516960171604	1.2731368233854412e-7	3.973820522274543e-9	-7.822405760411471	-9.205073139273463	15.9717267079592	0.6617355879675293	8.146127742076397
34.1092347438131	1.3504093114501025e-7	4.294253089099193e-9	-7.806682003215884	-9.188628938460461	16.007858189409973	0.6643337143579487	8.146127719648733
34.609299218782155	1.4298205509306961e-7	4.624027255702901e-9	-7.791754382993854	-9.173172857766373	16.042169196532594	0.6665682411975021	8.146127696544564
35.104167168061934	1.5110819818197323e-7	4.9618294906111885e-9	-7.777588774962041	-9.15864226188377	16.074736700752307	0.6684830212460559	8.146127672849792
35.59092918592742	1.5935873768513905e-7	5.305035251663318e-9	-7.764198836787457	-9.145026032460624	16.105527912260907	0.6701125771529728	8.146127648743617
36.07539692128634	1.678219762546203e-7	5.6572246414195755e-9	-7.751366072362436	-9.13208116399862	16.1350441061603	0.6715139904561978	8.146127623969925
36.55388227561706	1.764252796508192e-7	6.015292227959705e-9	-7.739137788140641	-9.119838318944804	16.16317549754121	0.6727073265375676	8.146127598742794
37.0267116687648	1.851640810199403e-7	6.378976727385095e-9	-7.727454394326137	-9.108222611406466	16.190058287699443	0.6737211716232643	8.14612757307743
37.497922882039305	1.941062126415024e-7	6.751034101852814e-9	-7.716174272229111	-9.09708135150798	16.216017634234753	0.6745856968811814	8.146127546775759
37.96284779863542	2.0315611151546315e-7	7.127429235870856e-9	-7.705377169514797	-9.086480262724416	16.240869233113134	0.6753146579484256	8.146127520120015
38.42340112694606	2.123421131887107e-7	7.509292990334137e-9	-7.694999860594939	-9.0763413327919	16.264757649801844	0.6759368513230243	8.146127493028162
38.882615436705436	2.2171911044599244e-7	7.898870227714503e-9	-7.6849733000761535	-9.066581046933496	16.287840853693968	0.676481260291278	8.146127465339186
39.33780227135718	2.3122635398884854e-7	8.293610187458314e-9	-7.6753674867070565	-9.0572506127633	16.30995666519444	0.6769704018246183	8.146127437233362
39.79583544835183	2.4100367363502953e-7	8.699306453989456e-9	-7.666061657040208	-9.048216061293717	16.33138210911358	0.6774364117347369	8.146127408297874
40.26658199975411	2.512683628188743e-7	9.124966690002346e-9	-7.656903828137408	-9.039314278745803	16.352466160208092	0.6779111990212585	8.146127377888686
40.763072450769876	2.6232566607174803e-7	9.583235776861642e-9	-7.647712411428945	-9.030355990148248	16.373626113680988	0.6784241363873268	8.146127345098511
41.30712819595794	2.747063349060285e-7	1.0096091614363413e-8	-7.638196133059523	-9.021045949279134	16.395531833078	0.679009252967951	8.146127308347179
41.92411767403814	2.8906799314496027e-7	1.069074758399647e-8	-7.628082747822167	-9.011107139730756	16.418809356031918	0.6796999973871847	8.146127265671625
42.609305084743276	3.0539974612892757e-7	1.136673378811563e-8	-7.617609318175269	-9.000774226740296	16.442913145843043	0.6804776322365128	8.146127217090983
43.33300933141865	3.2306801817879744e-7	1.2097817522369986e-8	-7.607243396819864	-8.990535215506327	16.46676878643267	0.6812657705398643	8.146127164480285
44.07319788235244	3.415686792802415e-7	1.2863103529731286e-8	-7.597146029225575	-8.980592166566275	16.490008271736592	0.6819848642217932	8.146127109336387
44.787049489872715	3.5981742766790145e-7	1.3617651686216085e-8	-7.587629018168891	-8.971293199692376	16.511916483341416	0.6825481624390125	8.146127054892958
45.480698156640955	3.779372038676969e-7	1.436641206181897e-8	-7.578323285112315	-8.962301473470278	16.533344496813328	0.6829399629381184	8.14612700078734
46.15415205539485	3.9591056279415234e-7	1.5108489759421768e-8	-7.568968746524911	-8.953376505392336	16.55489185808145	0.6831539586612441	8.146126947073746
46.81586993304433	4.139630473026984e-7	1.585298621154223e-8	-7.5592012932639046	-8.944168034015917	16.577397077530552	0.6832027400728781	8.146126893078192
47.48080132305023	4.325343324049578e-7	1.661776264314769e-8	-7.548518349725948	-8.93418796828845	16.602017256792287	0.6831109428034683	8.146126837482006
48.172141044304695	4.5236102681261014e-7	1.743276650505454e-8	-7.536148972867965	-8.922676526108612	16.630526709369697	0.6829335536421332	8.14612677807022
48.90145933375067	4.7394066565515505e-7	1.831794013703479e-8	-7.521297264385011	-8.908795013740644	16.6647539121425	0.6828120165222231	8.146126713334084
49.70552226588151	4.986743214994365e-7	1.9330189990040394e-8	-7.502288192432602	-8.89073797042509	16.708544691443272	0.6831071745061609	8.14612663903779
50.58702238574883	5.271772947636744e-7	2.0494655951071154e-8	-7.477839925039236	-8.866773917337184	16.764821078854993	0.6846441955242885	8.146126553279377
51.57414392691535	5.612422498039324e-7	2.188653472692017e-8	-7.445635580062909	-8.833859203443732	16.838869192632764	0.6887939120047879	8.146126450580352
52.72610719052977	6.0463200752219e-7	2.3666809553296395e-8	-7.4018253338560385	-8.787047335169978	16.939476205445896	0.6977148650016178	8.14612631944111
54.02743419021485	6.595953964360185e-7	2.594569312526214e-8	-7.346802274692019	-8.726051666839005	17.06568448011305	0.7126467678048178	8.146126152829366
55.48837677710333	7.303018019297549e-7	2.8926329750331887e-8	-7.285026229331054	-8.656291255855383	17.207276512076977	0.7318921871126834	8.146125937827993
57.084544605623165	8.191241883882976e-7	3.273827778432356e-8	-7.226989525468043	-8.59110166333447	17.34029569096994	0.7497981439470824	8.146125666989631
58.52102822732144	9.085508013171704e-7	3.6624745533347676e-8	-7.186862692911024	-8.547002725439219	17.432321363438746	0.760703108551094	8.146125393773314
59.75148424663382	9.911564126044927e-7	4.023858980792102e-8	-7.16040070761124	-8.518520944126935	17.4930475139965	0.7669114807270679	8.146125141094085
60.906483195482856	1.0729272462948309e-6	4.382914486443296e-8	-7.140260680126968	-8.497095355334976	17.53928252013825	0.7712179843241715	8.14612489077103
62.12913151599397	1.163344791274761e-6	4.780990474696307e-8	-7.122389504260597	-8.478176133416902	17.58031483445605	0.7748899336533829	8.14612461380756
63.422028594256304	1.2627619754756838e-6	5.219678920218653e-8	-7.106265148813006	-8.461121232059877	17.617336817481046	0.7781873634164066	8.146124309115804
64.83241405027705	1.3751881636142043e-6	5.716811383733603e-8	-7.091078302082612	-8.445032599193011	17.652203700205966	0.7813482311212716	8.146123964392547
66.4034852081282	1.50480179817403e-6	6.291141517400625e-8	-7.076384787446207	-8.429419974768287	17.68593379765843	0.7844997467048747	8.146123566796783
68.23332069251487	1.66099362538373e-6	6.984768732379292e-8	-7.061506511336936	-8.41354858480436	17.720082570655002	0.7878139519733625	8.146123087472441
70.38915628788706	1.8515017637037028e-6	7.83282359935114e-8	-7.046302352692895	-8.397256266513697	17.754972869341685	0.7913454309590058	8.146122502598939
72.83699024457175	2.075459243181765e-6	8.83234615332607e-8	-7.031323128443971	-8.381129280227706	17.789340221006086	0.7949753988813565	8.146121814761644
75.59398616280521	2.336461146475379e-6	1.000035002773776e-7	-7.016632079689389	-8.36523813455518	17.823039600920605	0.7986853477771437	8.146121012849044
78.86886941819206	2.6573569726111596e-6	1.1440566512217574e-7	-7.001431217650235	-8.348717869746563	17.857901145670983	0.8026824405201011	8.146120026554126
82.81791656330152	3.0584378632005008e-6	1.3246454534819394e-7	-6.9855145769664135	-8.33133338121761	17.89439596179537	0.8070459060809985	8.146118793349771
87.65166188837361	3.568272526573241e-6	1.5550280319448209e-7	-6.968654121574206	-8.312822362014932	17.933045343874554	0.8118687145865989	8.146117225171137
93.42890741665468	4.2021799430218864e-6	1.842620398250469e-7	-6.9512129080855	-8.293578450448399	17.97301607462665	0.8170627668626709	8.146115274624153
100.36776637213678	4.995407402234586e-6	2.2040615499765126e-7	-6.933050651227402	-8.273448595817673	18.01462916616699	0.822673261184217	8.146112832923105
108.83519748474892	6.005972225461831e-6	2.666734516071786e-7	-6.9138526043169355	-8.25208430766584	18.058604961943	0.8288052519124275	8.146109721030495
118.88967810777338	7.260964067518191e-6	3.2442818247981655e-7	-6.894131044522719	-8.230056309993634	18.103769180388166	0.8353024175251255	8.146105854987145
130.30337526529638	8.751244027369751e-6	3.9337939075472907e-7	-6.874701083626676	-8.20828395533144	18.14825532094784	0.8418835212331615	8.146101262447505
143.7974432340366	1.0595028339349489e-5	4.791609012284872e-7	-6.854685123099123	-8.185794230957166	18.19407296547232	0.8488302030360549	8.146095578513838
159.763145432763	1.2881241853592176e-5	5.861504171780274e-7	-6.833990552081586	-8.162497816191333	18.241434368276735	0.8561536664186352	8.146088528212708
178.01237880798965	1.562224324633295e-5	7.152001056749794e-7	-6.813210005089395	-8.13907425652652	18.288983483854548	0.8636252199117215	8.14608007254084
199.0870356011729	1.8944333801037003e-5	8.725763088068763e-7	-6.792007828923727	-8.11515197950233	18.337488180658692	0.8713561411177789	8.146069820898893
223.85675520920904	2.304846293504326e-5	1.068252512792562e-6	-6.769936196051943	-8.090225035031143	18.387971640173106	0.8795185148718117	8.14605715185316
252.7877366735184	2.8096661258687065e-5	1.3105651821278462e-6	-6.7470778815186625	-8.06438016004752	18.440242236155086	0.8881050574802531	8.146041563552982
286.55267077493784	3.4312855248883255e-5	1.6110516385127847e-6	-6.723381534392735	-8.037557691144807	18.494415309324403	0.8971487350706009	8.146022362525226
325.64931435566194	4.192084457328274e-5	1.9815279673952835e-6	-6.698940782698982	-8.009867049976645	18.55027497292771	0.906617471900201	8.145998855104487
371.2136898716979	5.1311954120583035e-5	2.442352495215729e-6	-6.6734754846868745	-7.981001910858546	18.60845999086838	0.9166087671731539	8.145969829250664
424.44976992170353	6.296347659880017e-5	3.018701256830167e-6	-6.646794113607332	-7.950755447633219	18.66940565316937	0.9271908950434227	8.145933806040674
486.677881008558	7.746894051590288e-5	3.7422914720167858e-6	-6.618766943768742	-7.9189850892443525	18.73340450817814	0.9384228313842303	8.145888945773748
559.5632406464339	9.562351153247423e-5	4.655972134861426e-6	-6.5892324784151715	-7.88550350705346	18.800819487281938	0.9503985192647562	8.145832783375091
643.9221960800678	0.00011814822799053558	5.800188367756586e-6	-6.558428825302508	-7.850573031682193	18.871099927869054	0.9630592523453536	8.145763081167367
742.3275646466847	0.00014640902683486936	7.249914769935522e-6	-6.525966734177932	-7.813749802850839	18.94512586928328	0.9765948423920022	8.145675603522436
856.920076660475	0.00018194772739470576	9.091912875876504e-6	-6.4917022868173	-7.774878479083846	19.02321627080577	0.9910778113079867	8.145565566705592
989.4654127099817	0.00022652348006132946	1.1427582468768656e-5	-6.45562141659966	-7.7339622535843215	19.10539324782813	1.0065031635211088	8.145427510181031
1143.19440662676	0.00028284549077340693	1.4412675654294568e-5	-6.417376988329888	-7.690626739348725	19.192434340824548	1.0230110211505226	8.145253026000686
1321.904845327282	0.000354557153918941	1.8259598462162716e-5	-6.376659493209324	-7.644532400707656	19.285024474630195	1.0407520784335924	8.145030804782122
1530.0547132391932	0.000446589429925798	2.3260091145933792e-5	-6.333205085853949	-7.595379256418165	19.383735005264572	1.05989609816455	8.144745537574742
1774.2451001790805	0.0005663759175002311	2.985762372557294e-5	-6.286516958443654	-7.542593988245864	19.48965305987858	1.0807545644392897	8.14437414454147
2058.6379251457956	0.0007222936236290909	3.857075971097121e-5	-6.236700713794327	-7.4862835904494505	19.602484090596317	1.1033879414695753	8.143890603302154
2388.823126656629	0.0009261099787191993	5.013808074458734e-5	-6.183593655727503	-7.426259582727159	19.72252756391259	1.1279676510215406	8.14325835673013
2770.928307805023	0.0011937648229565971	6.558072946686065e-5	-6.126972644869883	-7.362274811733153	19.850198168387724	1.154682755422327	8.142427877178875
3212.7273721219076	0.0015479518868828821	8.637766403103407e-5	-6.066483095913679	-7.293939330715602	19.986172926426804	1.1837865627011126	8.141328643736866
3722.8861209582765	0.002020382527889978	0.00011464074328743205	-6.001886067763024	-7.22099472464513	20.130814671782517	1.2154936484367782	8.139862097499828
4319.576769812673	0.0026655332899264013	0.00015401639760280418	-5.932170355803072	-7.142310446655403	20.286119855090305	1.250428593782024	8.137858931025162
5025.032948424824	0.0035675731870856544	0.00021026985393877786	-5.856533866375662	-7.056993565061937	20.45344321615297	1.2891597296945374	8.13505751122374
5845.448563323729	0.0048231658889895885	0.0002903902445000235	-5.7763356488583435	-6.966589816137928	20.629150947660087	1.3311505821175553	8.13115723276948
6785.547250099894	0.0065603538990871915	0.00040392572957037906	-5.693043160201396	-6.872756877058965	20.809198106190706	1.3757566726891854	8.125759835231461
7864.108372122282	0.008983010757692571	0.0005662153251772007	-5.607044244593184	-6.775914029297576	20.99158782872727	1.4229036901601508	8.11823119482314
9101.988984474998	0.012380745303374402	0.0007996550233096879	-5.519227561657218	-6.677002209812346	21.172718163589504	1.4723191754843392	8.107670365705209
10521.473851457313	0.017152584578301266	0.0011360583929355271	-5.431301798399127	-6.57781012543965	21.34652615904511	1.5234172990124462	8.092835777436035
12147.34659975279	0.023828010890298894	0.001619073655809053	-5.345906856236706	-6.4810698081642055	21.50411989287777	1.5752834880182651	8.072079609522037
14000.448966363216	0.033025507763842284	0.0023021417617187143	-5.2668086873192195	-6.390675912070249	21.63356322942601	1.626525335823357	8.043476482608014
16108.421891087812	0.04543384654230254	0.0032477692095726858	-5.1978655162414675	-6.3105632610766085	21.72233045709269	1.6757478520833913	8.004881562585634
18516.67162891836	0.06179339447000846	0.004526739856739817	-5.142296621485195	-6.243942498100283	21.759072562852197	1.721846784340065	7.953988652065094
21255.636214538892	0.08254205791498832	0.006190153271959553	-5.1028239895484155	-6.193613147102135	21.735235494275024	1.7634988972848937	7.889431873540569
24347.98447470682	0.10768333965086455	0.008255884624355557	-5.080267872802477	-6.160490525762047	21.648973507106774	1.7997602515335949	7.811197153390473
27839.053461715386	0.1370213571111026	0.010724734997140778	-5.0733418534170305	-6.143308769113794	21.50432712231912	1.8304545176338716	7.719891952254528
31768.764473682215	0.17004219513408947	0.013568475692969761	-5.07962423574847	-6.139711766787831	21.309663270682243	1.8556200487167813	7.617115436872062
36210.6856252978	0.2063664989535637	0.0167670777965037	-5.0963139389761345	-6.14691362836535	21.073484008206286	1.8755845758686287	7.5040509034200085
41290.663512078965	0.245950707271823	0.020328158636808136	-5.121059319447242	-6.162540607820224	20.801451863499874	1.8906553143808893	7.380840707091727
47107.36589304016	0.28845301925835864	0.024230735714223208	-5.151764430096161	-6.184595977072998	20.500293279425804	1.9007654409692423	7.248562578301296
53661.98652588967	0.33287257235881773	0.02838803043403005	-5.186191551271131	-6.211067603875402	20.180651981195147	1.9057202131874933	7.11035583852279
61035.837173234664	0.37889671866137414	0.03277126636382967	-5.223056529126475	-6.240741154175942	19.847266029217824	1.9055312081189244	6.967233031620604
69342.87612437138	0.42642183763427105	0.03736875265623185	-5.26172754407317	-6.273030037329778	19.502289179518687	1.900129053994419	6.81958149526065
78631.74721387679	0.474967058293828	0.04212945260567722	-5.301605664365857	-6.30743597511225	19.149897957525837	1.8894532611693773	6.668999279448247
88995.69030759006	0.5243204253185357	0.04702530447756265	-5.342502060231995	-6.34383279167627	18.791972505824067	1.8734479729618845	6.516307686991788
100562.66891035685	0.5743938370118257	0.05203837944851417	-5.384413906239081	-6.382273925258785	18.429463571781692	1.8520498640914136	6.3620408134401885
113585.73229204857	0.625500921790088	0.05718967494960106	-5.4277397686649325	-6.423200183183103	18.06055522811373	1.8250328372913616	6.205665586020605
128274.2583067846	0.6775750763569428	0.062460642595205625	-5.472697100828768	-6.466904327289442	17.686356140000946	1.7923843342363097	6.048106887040544
144663.52962872304	0.7298807836978729	0.06776297391394387	-5.519122640919029	-6.51328403989561	17.3129856125766	1.7547310829074867	5.892707627516715
162964.311107115	0.7822490479637213	0.07306470649610144	-5.56758697205562	-6.562931707917454	16.942857783007078	1.7125447532640268	5.741647140926116
183273.77397674203	0.8340897324053195	0.07829135182815156	-5.618504193355555	-6.61626544874959	16.582048939653628	1.6667748439414458	5.599035596324263
205896.80978328304	0.8852519957941747	0.08341367567696585	-5.672876692204708	-6.674305267574378	16.234530911977444	1.6181216515251278	5.468542571882998
231204.12288078252	0.9354975202636973	0.08839463164723255	-5.731731141271073	-6.738110881128214	15.90603120680969	1.5674081128241304	5.354890432189306
259565.15930038088	0.9843861920760374	0.09317904081509272	-5.795661351138674	-6.808301634562147	15.604415779412719	1.515678988530088	5.263470517539752
291198.95101939206	1.031202426061747	0.09768856375378521	-5.864105173880985	-6.884281722431603	15.338800974753044	1.4642487563646973	5.19886871433571
326347.2776539882	1.0754707306680238	0.10187350150668499	-5.935519723063616	-6.9644441884863015	15.11473182240513	1.4140865143054215	5.162285134504936
365492.9662083102	1.1172275670276661	0.10573711412321327	-6.008026439898017	-7.046876557761113	14.9322461545831	1.3654475504807888	5.151258441567353
409373.08093633386	1.156849901881964	0.10931555814296855	-6.079947787220238	-7.129898019080401	14.78739936217784	1.3180793925604586	5.161272007143312
457905.67722275824	1.194108912291274	0.11259207548110726	-6.148769149225383	-7.210747274828532	14.676257838285304	1.2724396906549498	5.186732292250612
511496.22440341034	1.2293728825074794	0.1156056317463943	-6.213784532140412	-7.288570801877005	14.591414988275115	1.2283189145545512	5.222417797104725
570351.1652564369	1.2628721359039445	0.11838322696652673	-6.274783595081469	-7.362955327606712	14.52617841438363	1.1857131638486205	5.264186850267756
634989.2893206323	1.2949735160370028	0.12096269794291832	-6.33229374769961	-7.434302367152734	14.474675120569753	1.1444589121783137	5.309344674908716
706553.5779560773	1.3261976492424272	0.12339167010329391	-6.3873406548103535	-7.503632977339881	14.43225528208842	1.1041850929927368	5.356556986926048
784822.4534447108	1.3563735933307013	0.1256626401552856	-6.4398295882786725	-7.5705711544137575	14.396321798287511	1.0653933450714448	5.404216188313971
869949.9928080346	1.3855362733953944	0.12778548012632396	-6.490056202007015	-7.635244043274883	14.364758306112464	1.0282778525721945	5.45149735591851
962766.4455467804	1.4139169822092295	0.12978384087532022	-6.538611594436881	-7.698211641561718	14.335952323815867	0.9927193813085892	5.498247291053008
1.064745543075229e6	1.441834154087408	0.1316853124215031	-6.586171947967734	-7.7602122197432735	14.308752115475219	0.9584324034300725	5.544686719958673
1.1756039088377932e6	1.4690752950917856	0.13348035263600946	-6.6324550099996875	-7.820787608962747	14.282870300930975	0.9257269208553821	5.5902799468575255
1.295862642130655e6	1.4956756905552564	0.13517675764715695	-6.677567369269243	-7.880018879027368	14.257977674160552	0.8945537087017532	5.634972071526715
1.4258697977119973e6	1.5216302343070993	0.1367794002985238	-6.721520562907858	-7.937887402656085	14.233919830896479	0.8648836271555238	5.678683502726394
1.5668333469919516e6	1.5470901174946454	0.13830215877515395	-6.7645754175831865	-7.9947195881681985	14.21047229119674	0.8364969110009169	5.7216207700149635
1.7181896291800016e6	1.5718818015019802	0.1397390471644948	-6.806429463913668	-8.050112649352684	14.187766809936697	0.809526101709504	5.7634571430296
1.8800397065409888e6	1.5959915419898743	0.1410939050868339	-6.8470472307174575	-8.104019808003411	14.165808943109248	0.7839146898463409	5.804142966349846
2.052161307156289e6	1.6193779173075988	0.14236890714597444	-6.886349818144313	-8.156336996321384	14.144631765609812	0.759634127212415	5.8435877847149635
2.2355154154717075e6	1.6421648449050363	0.14357484376117619	-6.924538038572477	-8.207332770405635	14.12411709460679	0.7364895304997064	5.881982216633633
2.4305141113422187e6	1.6643867178742489	0.1447169493269344	-6.96166524597373	-8.257080433932021	14.104229117498537	0.7143880254791115	5.919371457592515
2.636989252845245e6	1.6860167488131375	0.1457970423783248	-6.997672824041448	-8.305505810210699	14.085012419185134	0.6933048656059856	5.9557001160705925
2.8540150736116357e6	1.7069737079486684	0.14681431976129586	-7.032429768083958	-8.352429413668872	14.066520689890242	0.6732665590790637	5.990823046892861
3.084307769715543e6	1.727520784663425	0.14778426769944142	-7.06637157559985	-8.398439822384457	14.048519621766795	0.6539767604298211	6.025175779545156
3.326859048784513e6	1.7475576544688423	0.14870436638465115	-7.099333141506046	-8.443312890155058	14.031088893020497	0.6354942530039012	6.0585842113172355
3.582947828233296e6	1.767185144733409	0.14958138330727816	-7.131481091970405	-8.487275351658981	14.014138368649075	0.6176922344821738	6.091213808832558
3.850827940346451e6	1.7862741454076687	0.15041160993044228	-7.162608769612901	-8.530041623595553	13.997768343235734	0.6006561773677312	6.122847772841459
4.1317965027639405e6	1.804929400743243	0.15120161974943536	-7.192893622314938	-8.571850653735599	13.981877032819064	0.5842630841379467	6.153659681952656
4.424727835974065e6	1.8230887762599377	0.15195062249322452	-7.222239998705517	-8.612566049380849	13.966511092200562	0.5685411189998557	6.183548512654456
4.73278371671647e6	1.8409506870238106	0.15266834801460719	-7.250976571640615	-8.652638801205848	13.951489408486797	0.5532970365718393	6.212842466767748
5.054037574140144e6	1.858401105153793	0.15335155750725207	-7.27892784370199	-8.691820404510175	13.936896437451882	0.5386088834357304	6.241357279667468
5.387507347556274e6	1.875402518403134	0.1540002954261952	-7.306047207319907	-8.730035853542892	13.922742249190453	0.5244887013030429	6.269036019377944
5.732599632762684e6	1.8919474787388735	0.15461579335290077	-7.332333376052335	-8.767273604643902	13.909022596095602	0.5109240946852895	6.295873419363137
6.091454316910753e6	1.9081537484257836	0.15520372615590164	-7.357988838290492	-8.803809448946664	13.89561725540848	0.4978026825814159	6.322066923979084
6.463305537420294e6	1.92399577597646	0.15576428609285353	-7.38298554937359	-8.839593990810659	13.882532734167688	0.4851323825847785	6.34758243739561
6.846083667441002e6	1.9394047119650382	0.15629623172236493	-7.40723315957926	-8.87448309780532	13.869799681178886	0.47295546756657264	6.372317396601315
7.243979159586587e6	1.9545603418395248	0.15680678505783838	-7.431030476223699	-8.908894660456733	13.857250457931066	0.46111885665873387	6.396569804667368
7.652634655409113e6	1.969307465110738	0.15729166059996266	-7.454149542247696	-8.942486102266082	13.844994601725352	0.449734527251596	6.420100640290847
8.076746930944979e6	1.9838253250548212	0.15775763567588194	-7.476890578945496	-8.975678627039452	13.832857287373525	0.43865577193697874	6.443205954095763
8.51329258562393e6	1.998014959217506	0.15820229720020704	-7.499116134375344	-9.00825719105378	13.820899355813697	0.4279521846651356	6.465738484413091
8.964091042002544e6	2.0119431928161835	0.15862851439598197	-7.5209517175492415	-9.04038890987066	13.809036870160286	0.4175670264126797	6.487815634160539
9.428934525572779e6	2.025607213672903	0.15903687915748518	-7.542407146206692	-9.072074614576879	13.797259563960063	0.4074978918104915	6.509444152773803
9.906267378288975e6	2.038968553871204	0.15942694807595068	-7.5634435343383695	-9.103237877144316	13.785572413734792	0.39776856730300336	6.530575093925304
1.0398957289541224e7	2.052111868229901	0.1598018280132727	-7.584211075967463	-9.13408459868786	13.773883499343075	0.38831385163694404	6.551354157999141
1.0904593693500599e7	2.0649760056423747	0.1601603704679709	-7.604624965458801	-9.164475141972401	13.762241576363799	0.37917439324347657	6.571696809586238
1.1427267485499546e7	2.0776654556131957	0.16050602353496415	-7.624870820810186	-9.19466688335865	13.750527555994282	0.370274068607546	6.591780183632416
1.196156415056927e7	2.09005158804584	0.16083582706066624	-7.644749434347745	-9.224351336521869	13.738865318461741	0.36170037914984327	6.611411383336219
1.2515384686392905e7	2.1023167215068828	0.16115512039563665	-7.664571773306059	-9.253973679231466	13.72706079208878	0.35332604417521896	6.630890616592968
1.3082601017594462e7	2.1143219339494848	0.16146071615443408	-7.684116324094532	-9.283194683706876	13.715259200632342	0.3452436186626199	6.650007666509574
1.3665417736214267e7	2.1261170256859616	0.16175437852066624	-7.703474672008141	-9.312135786499773	13.703403702181639	0.33741729366222095	6.668851005927162
1.426193464727445e7	2.1376663759283976	0.16203569076523527	-7.722589079331918	-9.340702655848396	13.691542442890071	0.32986694665106	6.6873715580361415
1.4876070905758772e7	2.149046453137785	0.16230693574445088	-7.741590679574741	-9.36908014957612	13.679599012091273	0.32254023435215856	6.705699038231225
1.5503340217533948e7	2.160175595798116	0.16256657942167294	-7.760340909549642	-9.397055338017077	13.667675356897464	0.3154860976216143	6.723708139240636
1.6148158442558976e7	2.1711341565951487	0.16281689429328394	-7.778973692982942	-9.424821721626211	13.655697980077225	0.30864971080185993	6.74153399790238
1.6811714016003076e7	2.1819386884147667	0.16305857813138855	-7.79751538093916	-9.452413421953862	13.643661617129224	0.30201804967060936	6.759208380933022
1.749097283087166e7	2.1925388431852095	0.16329083520014653	-7.815875269426079	-9.47969180554269	13.631638341714309	0.29561843892267065	6.776652243103689
1.8190492075169142e7	2.203004120134984	0.16351549509142813	-7.83416984068573	-9.50682704121388	13.619562303613575	0.28940494677555	6.793982081972259
1.890307744202802e7	2.213228198557588	0.16373059697150996	-7.852205873946423	-9.533531065965741	13.60757490864015	0.2834363467850483	6.811022665095133
1.963291524024129e7	2.2232756380072383	0.16393783410632007	-7.870088976215525	-9.559960173781864	13.59561825393874	0.2776692352355255	6.82788064146911
