# This is the file header# problem=SEAS Benchmark BP5-QD
# code=Thrase
# modeler=B. A. Erickson
# date=2023/01/09
# element size=1000 m
#location=on fault, 0km along strike, 8km away from the fault, 0km depth# minimum_time_step=0.1
# maximum_time_step=3.157e6
# num_time_steps=2400
# Column #1 = Time(s)
# Column #2 = Slip_2(m)
# Column #3 = Slip_3(m)
# Column #4 = Slip_rate_2(log10 m/s)
# Column #5 = Slip_rate_3(log10 m/s)
# Column #6 = Shear_stress_2 (MPa)
# Column #7 = Shear_stress_3 (MPa)
# Column #8 = State (log10 s)
t slip_2 slip_3 slip_rate_2 slip_rate_3 shear_stress_2 shear_stress_3 state
# Here is the time-series data.
0.0	0.0	0.0	-9.0	-20.0	19.490040931338385	1.9490040931338383e-10	8.14612803300041
0.07290145234290943	7.293730865302211e-11	3.2450437094396745e-18	-8.999572964767403	-16.050694182045326	19.49013925983874	1.7325817079650598e-6	8.1461280330003
0.6522666446483425	6.551457257165768e-10	2.5754773204624866e-16	-8.99617268289482	-15.104225819147759	19.490922203689294	1.5197748446717404e-5	8.146128032991479
2.5476631988883534	2.5928633587069597e-9	3.9172077138459304e-15	-8.984464394295742	-14.508630545830764	19.49361813659039	5.8307752655805996e-5	8.146128032860194
5.956063691248455	6.227410103521663e-9	2.2675098432590097e-14	-8.958528112631635	-14.085482241918267	19.499590184798866	0.0001455698232799814	8.146128032158666
10.664604849276007	1.172045853521675e-8	8.726552180793618e-14	-8.903035737701117	-13.680863455732922	19.51236777063093	0.00032544848558098297	8.146128029725043
13.719677276921962	1.5803024178780177e-8	1.7216090767249298e-13	-8.840086868312664	-13.444858582675813	19.52686227556035	0.00048513292329571434	8.146128026537655
15.96984748191578	1.934696132871059e-8	2.706541613082339e-13	-8.75926368462904	-13.279085040591958	19.545472492909266	0.0005905066837072933	8.146128022524255
17.80769255855835	2.296602218289779e-8	3.8246844372740863e-13	-8.643893471726571	-13.162940683765882	19.572037459013096	0.0005923642307392547	8.146128016998741
19.313785357477677	2.7058087574616224e-8	4.876144535879704e-13	-8.477670314360616	-13.202155231001356	19.610311751930613	0.00036982782315697025	8.146128008976786
20.585150531209056	3.2606921202556316e-8	5.06333223431341e-13	-8.231136906767325	-13.063130389638417	19.66707815705338	-0.0002895651958228548	8.146127995707639
21.588468194013043	4.113307981187981e-8	1.097595122026866e-13	-7.906119871469119	-12.013903003537006	19.741916027377695	-0.0015403030246397488	8.146127972371007
22.37005940429544	5.609322409319353e-8	-1.76243580458991e-12	-7.536648905196438	-11.316000882392702	19.826989649653527	-0.0032953746966801014	8.146127928387667
23.092393080286516	9.276240756580152e-8	-1.0282347083874909e-11	-7.06940459105515	-10.617451879438166	19.934576173675232	-0.005643645397026294	8.146127816876819
23.837382246285753	2.4086322632318294e-7	-6.610183010654348e-11	-6.378275458667441	-9.739465559579266	20.09371418976375	-0.008747221413374561	8.146127359763762
24.591459943328932	1.5817491237692103e-6	-7.998458381146457e-10	-5.258142955139297	-8.486772489817026	20.351648998824913	-0.012021815794375288	8.146123202535616
25.332058176298368	7.782026720098424e-5	-4.9744807423764424e-8	-3.2284830957831585	-6.420485363263391	20.82129336791195	-0.013381519640229286	8.145886705015192
26.043584999344976	0.01397441110065837	-8.409915152623145e-6	-1.2114126666724099	-4.440055846388492	21.492777627147134	-0.012695487014855391	8.102778037215206
26.729393147969954	0.09551315598749484	-5.92106414196586e-5	-0.7500015330792436	-3.9158975869504915	21.700342601680045	-0.014810527831992255	7.849836369877356
27.38813775732522	0.25302371897629733	-0.00019081476549408783	-0.518004694367909	-3.521828037171531	21.490587863756602	-0.021302224275835398	7.361222144861245
28.026312000165248	0.4900685302241532	-0.00047955555080090716	-0.35446564299225375	-3.1965897432914256	20.89989119910274	-0.03006214221331022	6.625884098358033
28.643555743782933	0.8076650893997009	-0.0010245167957496685	-0.23035195146292142	-2.932476220371691	19.903379083643085	-0.039518690550576066	5.640665486905437
29.24365244071298	1.2044697653697856	-0.0019406668799204386	-0.134505383057748	-2.714668717723526	18.471589610439466	-0.048566961832367736	4.409736252082564
29.829229071861707	1.6735000514014806	-0.003355647715118848	-0.06294118784673856	-2.529020446874863	16.5832770558487	-0.05670104950301452	2.9548273338120854
30.39866713545745	2.1957951020730477	-0.00541210528529424	-0.01697231270034165	-2.36246123171289	14.24749255079374	-0.06430570732332377	1.3375081809571912
30.959165113008417	2.7443821066764005	-0.0082903900802087	-0.013980057505903505	-2.233968774096861	11.55060893646483	-0.06960110968022866	-0.24233440919115465
31.504342147860175	3.2181409040157534	-0.011464655641543831	-0.1250598643153414	-2.26300729886112	9.669991957607994	-0.0703847671733012	-0.7313031877597879
32.04306448419976	3.577147471807552	-0.014098750874330877	-0.22026515278819692	-2.3668210880224425	9.080196205465102	-0.06479467228441209	-0.6648937487938437
32.57110252033729	3.8719584589356164	-0.01606411791416889	-0.2850799078210042	-2.4979843634123995	8.793550145284005	-0.053859186432084476	-0.5986956444286428
33.090420482765815	4.123906801696751	-0.017469045934745017	-0.34330449825814907	-2.645354294499547	8.577279554135972	-0.042785811035751624	-0.5419123778989181
33.60516960171604	4.343069276548254	-0.018433563464615922	-0.3986402911082395	-2.8220299544491008	8.404860820893015	-0.03170595674909307	-0.48907430480738784
34.1092347438131	4.532581666789627	-0.019030758429309024	-0.4514085549732838	-3.055412561204879	8.267352789601802	-0.0205760716844821	-0.4393260850100839
34.609299218782155	4.699343490029743	-0.019335346769264867	-0.5028311132602771	-3.45304690191006	8.155752608443722	-0.009146359238852698	-0.39135095545094367
35.104167168061934	4.846151277457337	-0.019397284810428673	-0.5530313244500906	-4.050944919441626	8.065741432156566	0.002562894331263692	-0.34494540094279447
35.59092918592742	4.974998962490992	-0.019263933835561096	-0.6018063969825449	-3.3506487177395976	7.9942494544612615	0.014253954731505092	-0.30021726386583075
36.07539692128634	5.08972701400469	-0.01897752549174142	-0.6497083807930887	-3.1407648140926745	7.937746564384639	0.02562363830745879	-0.25658028516306314
36.55388227561706	5.191358852966239	-0.018581414948999692	-0.6962411609941067	-3.0361872822299736	7.894591200997416	0.03608972102705587	-0.2143921565511681
37.0267116687648	5.281737379253792	-0.01811433592736926	-0.741241860369085	-2.980973888358485	7.862868517301335	0.04527401240166738	-0.17368833902437764
37.497922882039305	5.363064950280062	-0.01760457616248503	-0.7848487587322805	-2.954665424458048	7.840763011626477	0.05303244640145083	-0.1342300679130125
37.96284779863542	5.43580669852196	-0.017082622137749224	-0.8264287064954617	-2.9473761889578207	7.826985117842332	0.05924436181665524	-0.0965155956309943
38.42340112694606	5.501426291832174	-0.01656497355422906	-0.8661197381311901	-2.952883852073192	7.819874118615713	0.06403768861780132	-0.060440961821729006
38.882615436705436	5.561243293343703	-0.016060899117862362	-0.9043376355779554	-2.9674952415770175	7.817916865191618	0.06759793697462209	-0.02575902529720751
39.33780227135718	5.615626491190535	-0.015581619096356594	-0.941257444734947	-2.9887852150379395	7.819748083645953	0.07009144153831014	0.007438028172776139
39.79583544835183	5.66590235340199	-0.015125437635863744	-0.9780892002522822	-3.015699383627519	7.824198595052026	0.07175128476580231	0.03986241953401834
40.26658199975411	5.7132947753264	-0.014687609373683257	-1.0165307437417266	-3.0482156780209757	7.830498723910615	0.07279549253884039	0.07249997600620421
40.763072450769876	5.758856715176425	-0.014262237742112162	-1.0588099498512435	-3.0870597579641084	7.838416400882608	0.07344775449226869	0.10663871320077252
41.30712819595794	5.803794972756348	-0.013839904995194859	-1.108351653331814	-3.133998592280787	7.848496344177622	0.07398429186845504	0.1442977252803154
41.92411767403814	5.848682410510333	-0.013415088827902944	-1.1695983301502615	-3.1913725182408377	7.862374870137666	0.07477898372185803	0.1879505910996946
42.609305084743276	5.891352348549226	-0.013006190868772834	-1.2437645000305988	-3.2581542921513695	7.882535795549948	0.07625637554782143	0.23797029277524676
43.33300933141865	5.928969134579779	-0.012637628872321437	-1.3261142786641875	-3.3283352624087965	7.911522299892578	0.07871166021751792	0.29213491382409257
44.07319788235244	5.9607824155414635	-0.01231529719471772	-1.407190455204041	-3.3923409964284525	7.951172663180957	0.08227741589040033	0.3474464974649606
44.787049489872715	5.986673540934528	-0.01204129889766847	-1.4710034096655447	-3.435594996954044	7.999791745943442	0.0867934784565012	0.39846282601042776
45.480698156640955	6.009047658879258	-0.011792139496176857	-1.5066202853089483	-3.447842050885014	8.056608015049827	0.0922423733237484	0.44327227255155266
46.15415205539485	6.029881339764639	-0.011546666440533215	-1.506067134880654	-3.4221892901700652	8.119559160992809	0.09849411793891845	0.47958367914740646
46.81586993304433	6.051293684380702	-0.011278983745679004	-1.468083029463732	-3.3585365460029304	8.186039555907726	0.10534655118719967	0.5054274411757851
47.48080132305023	6.075744792475243	-0.010954777575801317	-1.397125660664471	-3.2628383746009715	8.252265943384202	0.11242438007276052	0.5181872917085896
48.172141044304695	6.106652971145959	-0.010522219647282255	-1.3015223444625266	-3.145792186877653	8.311723662393252	0.11896556006449234	0.5134894667972079
48.90145933375067	6.147957276782241	-0.009919804663956599	-1.1950621820489187	-3.0254262247440202	8.351486463007708	0.12342403456308322	0.4851977820979733
49.70552226588151	6.206177307115867	-0.009056468586639126	-1.091438878844399	-2.9221470866814077	8.353197897485902	0.12335153624725523	0.4263161392674963
50.58702238574883	6.285003764507012	-0.00792050555314288	-1.0144187638876796	-2.8700455799789246	8.294827568642475	0.11565929648883569	0.34008947484335994
51.57414392691535	6.384978341891337	-0.006605446742714991	-0.984637842971805	-2.894648647083629	8.176257503202715	0.10058744029931839	0.24897015212611645
52.72610719052977	6.501374447926233	-0.005296167177063007	-1.0170266918505426	-3.008372965783054	8.03754479030327	0.0819930670771416	0.19279572861158373
54.02743419021485	6.614446459487873	-0.004248763499520172	-1.1163866233128852	-3.192417001892874	7.944150668476508	0.06668330151957468	0.20454620100076976
55.48837677710333	6.70735721935345	-0.0035223914468829535	-1.2958850783119624	-3.4315359505212553	7.9178654795629555	0.05793716586456481	0.28256751299862404
57.084544605623165	6.766674121814843	-0.0031022419837429074	-1.6080361393679998	-3.770421065038044	7.951369972877199	0.0547087807025459	0.41303334593203983
58.52102822732144	6.789595811442287	-0.002946199877957884	-2.0528938930045113	-4.225650396683943	8.010794597333305	0.05381695142183719	0.5490779653432357
59.75148424663382	6.796158463426319	-0.002902471700597242	-2.5519840669060074	-4.733862043410536	8.061913528609383	0.05303470520216169	0.661415878050232
60.906483195482856	6.798095903292646	-0.0028898374285716566	-3.041538454478168	-5.232740924877205	8.099762113082843	0.05215185896967111	0.7536819113932045
62.12913151599397	6.798761489883736	-0.0028855893573679586	-3.5221042279469508	-5.722369666524744	8.129528913798685	0.05126251878583416	0.8366193309433747
63.422028594256304	6.799000620557442	-0.0028840934942510536	-3.972861545116882	-6.181233648278314	8.153102462082881	0.05046041257557831	0.9108874058995893
64.83241405027705	6.799094801327322	-0.0028835148133604894	-4.403715637759423	-6.619335698212581	8.172904824963922	0.049745795598731817	0.9799779968350926
66.4034852081282	6.799134146516528	-0.002883276904510973	-4.823035465839378	-7.045188016553945	8.190281966863523	0.049107327838373335	1.0460127687105119
68.23332069251487	6.79915148255498	-0.0028831735936753855	-5.248575994399447	-7.476821639796586	8.206448515716518	0.04851875003696774	1.1121358707873772
70.38915628788706	6.799159075286508	-0.002883128959134223	-5.683534897072673	-7.9174723938504075	8.221767143579285	0.047976402102396086	1.1790083724621538
72.83699024457175	6.799162264602957	-0.00288311044397749	-6.111454441158981	-8.350501441158217	8.235885564029008	0.04749668545610317	1.2442414662179118
75.59398616280521	6.799163618459976	-0.0028831026721177627	-6.5299741036049355	-8.773594417511623	8.248953549282577	0.047073722641393125	1.307610998307361
78.86886941819206	6.799164224015315	-0.0028830992313970804	-6.961244827722132	-9.209182315270587	8.26179152853179	0.04668063386462429	1.3725468166039896
82.81791656330152	6.799164489763564	-0.0028830977360360323	-7.409991972582323	-9.662050662134991	8.274595660536061	0.04631141936175107	1.4397930075556002
87.65166188837361	6.799164602967657	-0.002883097104935139	-7.880738087666926	-10.136763128005684	8.287529093315532	0.045962117182730654	1.510047222978738
93.42890741665468	6.799164648327674	-0.002883096854293072	-8.360373869970687	-10.62011548794824	8.300281642687478	0.04564058590706266	1.5813820409397479
100.36776637213678	6.799164666205398	-0.002883096756326372	-8.84985991701647	-11.113098858388996	8.312936980027322	0.045343552947182085	1.6539740082528072
108.83519748474892	6.799164673162774	-0.002883096718500221	-9.355130185034238	-11.621706099332929	8.325695394181276	0.04506554248585851	1.72873028748598
118.88967810777338	6.799164675741596	-0.002883096704583639	-9.861230767773245	-12.130911094345555	8.338222002814721	0.044811876184170554	1.8034631297743184
130.30337526529638	6.7991646766727465	-0.00288309669959307	-10.347394500620801	-12.61986848435899	8.350071374503214	0.04458781638491354	1.8751456672395541
143.7974432340366	6.799164677031547	-0.0028830966976820986	-10.835206043973733	-13.11032852933944	8.361813205436807	0.04437904744326298	1.9469856930963623
159.763145432763	6.79916467716938	-0.0028830966969523642	-11.324694141522478	-13.602342358786702	8.373486584671673	0.044183296123562414	2.0190096666332993
178.01237880798965	6.799164677221142	-0.0028830966966798643	-11.8001700223878	-14.080168981309635	8.384750017206388	0.04400389909834042	2.0889280179863126
199.0870356011729	6.799164677241289	-0.0028830966965743593	-12.268395040318183	-14.550630976884973	8.395795746036386	0.04383549629555498	2.1577535627951185
223.85675520920904	6.799164677249334	-0.0028830966965324423	-12.737999463945368	-15.022424235850671	8.406862156235617	0.04367261072913479	2.2267750233578414
252.7877366735184	6.799164677252527	-0.0028830966965158935	-13.205994583921395	-15.492564524088582	8.417898928391779	0.0435144768698978	2.2955647657137916
286.55267077493784	6.799164677253799	-0.0028830966965093393	-13.672176245027767	-15.960862126390305	8.428927181464928	0.04335971516083622	2.3641077937497053
325.64931435566194	6.799164677254305	-0.0028830966965067446	-14.133325652610752	-16.42409107507552	8.439892224851702	0.04320872768661529	2.431943266903343
371.2136898716979	6.799164677254509	-0.002883096696505702	-14.592870658164696	-16.885692278084953	8.45089010471486	0.04306067509052439	2.499583845247376
424.44976992170353	6.799164677254592	-0.002883096696505281	-15.052033173512008	-17.346879923745945	8.461961106722635	0.04291649784878381	2.567215780485849
486.677881008558	6.799164677254626	-0.002883096696505111	-15.511016708775266	-17.807837117012642	8.473110303461116	0.04277819461075654	2.6348691501868817
559.5632406464339	6.799164677254639	-0.002883096696505042	-15.970668455107162	-18.269390961062665	8.484355032118769	0.04264777001707282	2.7026669578754365
643.9221960800678	6.799164677254645	-0.002883096696505014	-16.42584775313198	-18.72636275942413	8.495559051014014	0.04252819559230979	2.769844899460758
742.3275646466847	6.799164677254646	-0.0028830966965050033	-16.88052187951848	-19.182726643565054	8.506807497861644	0.04241913821229676	2.8369812429954937
856.920076660475	6.799164677254646	-0.002883096696504999	-17.3340480382381	-19.63783423704984	8.51807338285289	0.04232092762647361	2.903974654377133
989.4654127099817	6.799164677254646	-0.002883096696504997	-17.783779341706435	-20.08903631088234	8.529282061349244	0.042233347659996756	2.970428991277599
1143.19440662676	6.799164677254646	-0.002883096696504997	-18.231403741116875	-20.538037434150024	8.540471364850276	0.042154908197310076	3.0365912156564723
1321.904845327282	6.799164677254646	-0.002883096696504997	-18.67815845955493	-20.986094047497318	8.551673588486533	0.042083856190244795	3.1026449859273177
1530.0547132391932	6.799164677254646	-0.002883096696504997	-19.12491699921594	-21.434101779162248	8.562916930599057	0.04201815230860134	3.1687230915835385
1774.2451001790805	6.799164677254646	-0.002883096696504997	-19.574599214636425	-21.885010001088258	8.574287733995284	0.04195534212741179	3.23526483651579
2058.6379251457956	6.799164677254646	-0.002883096696504997	-20.023665816856695	-22.33529285930813	8.585714036722107	0.04189376352466682	3.3017566411002437
2388.823126656629	6.799164677254646	-0.002883096696504997	-20.470785452746007	-22.783639245007205	8.597184109612428	0.04183140340835704	3.3680141941408435
2770.928307805023	6.799164677254646	-0.002883096696504997	-20.914747753765834	-23.22885309536926	8.608691060859272	0.041766855618867414	3.433872118558843
3212.7273721219076	6.799164677254646	-0.002883096696504997	-21.35548977538177	-23.670880805267252	8.620257152227715	0.0416993410028666	3.499334910367815
3722.8861209582765	6.799164677254646	-0.002883096696504997	-21.792789057513804	-24.10949739061052	8.631897473521713	0.041629188038445446	3.564381647032565
4319.576769812673	6.799164677254646	-0.002883096696504997	-22.232193183245784	-24.550250662618744	8.643775251534578	0.04155717209753962	3.6298465253451333
5025.032948424824	6.799164677254646	-0.002883096696504997	-22.677728893306966	-24.997151308043435	8.656007196197098	0.041485391611737976	3.6963340311843647
5845.448563323729	6.799164677254646	-0.002883096696504997	-23.12167164008959	-25.442412191316635	8.668379697950346	0.041418786922474735	3.7626905471711902
6785.547250099894	6.799164677254646	-0.002883096696504997	-23.558175980227137	-25.880140518823644	8.680711515065738	0.0413609766387325	3.8280317420934065
7864.108372122282	6.799164677254646	-0.002883096696504997	-23.988856923228294	-26.311942071355066	8.693024123164516	0.04131290522147015	3.892585388384625
9101.988984474998	6.799164677254646	-0.002883096696504997	-24.414712163651835	-26.73882445163134	8.705327345989707	0.04127364444011926	3.956490197741596
10521.473851457313	6.799164677254646	-0.002883096696504997	-24.836060843655208	-27.161125202559923	8.71762065127932	0.041241419767662255	4.019788409256301
12147.34659975279	6.799164677254646	-0.002883096696504997	-25.253037918417196	-27.579007946984703	8.729907846964625	0.041213512601353905	4.082500214490389
14000.448966363216	6.799164677254646	-0.002883096696504997	-25.664270710252396	-27.99112830848043	8.742155990918807	0.0411870752622533	4.144423506749565
16108.421891087812	6.799164677254646	-0.002883096696504997	-26.06971917523886	-28.39747382952291	8.754376941174662	0.041159547162769886	4.205559806343649
18516.67162891836	6.799164677254646	-0.002883096696504997	-26.471677716254366	-28.800363468936823	8.766655663616906	0.04112900432712625	4.266264228283423
21255.636214538892	6.799164677254646	-0.002883096696504997	-26.86879934257578	-29.19845283375144	8.778967644044656	0.04109509201542606	4.326342977896526
24347.98447470682	6.799164677254646	-0.002883096696504997	-27.258939194172257	-29.589582699629773	8.791253531899104	0.04105889899222241	4.385475709635259
27839.053461715386	6.799164677254646	-0.002883096696504997	-27.642953855168074	-29.974590032934714	8.803538284558192	0.04102240136427155	4.443791091717012
31768.764473682215	6.799164677254646	-0.002883096696504997	-28.02057863577514	-30.353184020417952	8.815804637804405	0.04098798539740653	4.501243841645614
36210.6856252978	6.799164677254646	-0.002883096696504997	-28.394100601595255	-30.727637253597305	8.828111699881076	0.040957285696101804	4.5581731325358374
41290.663512078965	6.799164677254646	-0.002883096696504997	-28.768083579294725	-31.10251507817677	8.840601892074575	0.04093080961186974	4.615269945433843
47107.36589304016	6.799164677254646	-0.002883096696504997	-29.14283620814894	-31.4781296046751	8.853281031681576	0.04090824552181428	4.672578799938334
53661.98652588967	6.799164677254646	-0.002883096696504997	-29.51260060309694	-31.84872442533675	8.865954109894812	0.04088854501544503	4.7292190546996125
61035.837173234664	6.799164677254646	-0.002883096696504997	-29.87736974043265	-32.2143129313731	8.878623816203797	0.04086979549168724	4.785191325491555
69342.87612437138	6.799164677254646	-0.002883096696504997	-30.238160729610232	-32.57593196059276	8.891331971362876	0.04085033238709681	4.840655438959641
78631.74721387679	6.799164677254646	-0.002883096696504997	-30.592866414964117	-32.9314794596765	8.904012970855927	0.04082937568677872	4.895292450470887
88995.69030759006	6.799164677254646	-0.002883096696504997	-30.941453824685258	-33.280920909586825	8.916668751406329	0.04080708271149247	4.949099085679531
100562.66891035685	6.799164677254646	-0.002883096696504997	-31.284716899000504	-33.62504111981127	8.929328233715072	0.040784445935004916	5.002197952544312
113585.73229204857	6.799164677254646	-0.002883096696504997	-31.626052473221968	-33.96722992858706	8.942112941676886	0.04076267679928563	5.055112334378504
128274.2583067846	6.799164677254646	-0.002883096696504997	-31.966176847250434	-34.30819178123661	8.955047987126408	0.040742998077779466	5.107952282150813
144663.52962872304	6.799164677254646	-0.002883096696504997	-32.301729510550764	-34.64455265780648	8.968000935743484	0.04072606946125623	5.160193042924444
162964.311107115	6.799164677254646	-0.002883096696504997	-32.633437257057984	-34.97704631868038	8.980995302110866	0.04071134096740926	5.211945137287557
183273.77397674203	6.799164677254646	-0.002883096696504997	-32.95976792273752	-35.304147608488776	8.993970666733548	0.04069787945182018	5.262969288141047
205896.80978328304	6.799164677254646	-0.002883096696504997	-33.28242039742596	-35.62757051205421	9.00699778474121	0.040684589771560656	5.313532982261637
231204.12288078252	6.799164677254646	-0.002883096696504997	-33.60300518843219	-35.948935155618905	9.020147037717711	0.04067088753692591	5.3638917071922005
259565.15930038088	6.799164677254646	-0.002883096696504997	-33.922174216743706	-36.26889496341076	9.033455546911657	0.04065679735383437	5.4141538809623615
291198.95101939206	6.799164677254646	-0.002883096696504997	-34.23857387159552	-36.58608690862451	9.046868596787352	0.040642952094042506	5.464107340579755
326347.2776539882	6.799164677254646	-0.002883096696504997	-34.55127704870879	-36.89957401385265	9.06034808559299	0.040630102488464395	5.513606411088761
365492.9662083102	6.799164677254646	-0.002883096696504997	-34.861315930032184	-37.21038599103916	9.073936503704676	0.04061866774945338	5.562813322018795
409373.08093633386	6.799164677254646	-0.002883096696504997	-35.1707785506324	-37.52061446415864	9.087727356432357	0.04060872701635621	5.612060622874293
457905.67722275824	6.799164677254646	-0.002883096696504997	-35.47572393900018	-37.826317198265926	9.101549222561342	0.040599628802688074	5.66072358696271
511496.22440341034	6.799164677254646	-0.002883096696504997	-35.77610434894745	-38.12744970109341	9.115401477861106	0.040591065290536334	5.708795485903014
570351.1652564369	6.799164677254646	-0.002883096696504997	-36.070818824212964	-38.42291277813999	9.129233534430822	0.04058264630024596	5.7561002314162115
634989.2893206323	6.799164677254646	-0.002883096696504997	-36.36043435108469	-38.71327394524267	9.143071576741228	0.04057443916009948	5.802728584033659
706553.5779560773	6.799164677254646	-0.002883096696504997	-36.647630979471934	-39.00121352008523	9.15704206866991	0.04056697914392859	5.849111114506358
784822.4534447108	6.799164677254646	-0.002883096696504997	-36.92927325397127	-39.28358622891047	9.170991416194614	0.04056050112049314	5.8947408234854795
869949.9928080346	6.799164677254646	-0.002883096696504997	-37.20444998688649	-39.559479210651645	9.184868618393635	0.040554936405211454	5.939466686830615
962766.4455467804	6.799164677254646	-0.002883096696504997	-37.47445053686072	-39.83018683041167	9.198734785863296	0.04055008828504243	5.983496004832419
1.064745543075229e6	6.799164677254646	-0.002883096696504997	-37.74169219595405	-40.09813479460871	9.212714598299875	0.04054572016359478	6.027223278737426
1.1756039088377932e6	6.799164677254646	-0.002883096696504997	-38.003678210674444	-40.36082267731339	9.226678514208734	0.0405416035175072	6.070240596011039
1.295862642130655e6	6.799164677254646	-0.002883096696504997	-38.2603723407929	-40.6182118125803	9.24062189665479	0.040537944948510596	6.1125404401115455
1.4258697977119973e6	6.799164677254646	-0.002883096696504997	-38.511428800699456	-40.86995368330746	9.254521126216982	0.04053489651065202	6.154063029726433
1.5668333469919516e6	6.799164677254646	-0.002883096696504997	-38.758068276533955	-41.11727369145389	9.268438992017941	0.04053229367822373	6.195007480878885
1.7181896291800016e6	6.799164677254646	-0.002883096696504997	-38.99839921732558	-41.35827058683006	9.282264157867877	0.0405305553096113	6.2350571181708885
1.8800397065409888e6	6.799164677254646	-0.002883096696504997	-39.23210655816965	-41.59263491280774	9.29596954216583	0.0405290419235259	6.274154249626906
2.052161307156289e6	6.799164677254646	-0.002883096696504997	-39.45863407992319	-41.81980457600411	9.309512110028553	0.04052811689943464	6.312199794060497
2.2355154154717075e6	6.799164677254646	-0.002883096696504997	-39.679047593831065	-42.04084991703786	9.322945515719946	0.040527594111436055	6.349366927873957
2.4305141113422187e6	6.799164677254646	-0.002883096696504997	-39.893576792512995	-42.2560008351534	9.336273197267657	0.0405274714834489	6.385688267544179
2.636989252845245e6	6.799164677254646	-0.002883096696504997	-40.10187379118027	-42.46490763249471	9.349463768156083	0.040527784356287566	6.421099254021748
2.8540150736116357e6	6.799164677254646	-0.002883096696504997	-40.30308374093992	-42.666713280668205	9.36245150380279	0.040528454369244835	6.45544784917192
3.084307769715543e6	6.799164677254646	-0.002883096696504997	-40.499682047939864	-42.86390015224745	9.375384603917283	0.04052947595897748	6.489149922744705
3.326859048784513e6	6.799164677254646	-0.002883096696504997	-40.69065494178571	-43.055452110772784	9.388188599698827	0.04053074966232038	6.522027183655246
3.582947828233296e6	6.799164677254646	-0.002883096696504997	-40.876926246092935	-43.24229572484218	9.400916982519115	0.040532252436307675	6.554233782703887
3.850827940346451e6	6.799164677254646	-0.002883096696504997	-41.057247452676755	-43.423178626799036	9.413474125299754	0.04053393428632786	6.5855478787646105
4.1317965027639405e6	6.799164677254646	-0.002883096696504997	-41.232597756446594	-43.59908314596698	9.425917157779523	0.04053575151024055	6.616133112250481
4.424727835974065e6	6.799164677254646	-0.002883096696504997	-41.402397877229106	-43.769427064014344	9.438192354192815	0.04053774975608269	6.645881135775614
4.73278371671647e6	6.799164677254646	-0.002883096696504997	-41.56849635906374	-43.93606630884135	9.45042606386424	0.040539784797718775	6.675111584619845
5.054037574140144e6	6.799164677254646	-0.002883096696504997	-41.72984207468558	-44.09794708305459	9.462530915302382	0.040541732430420876	6.703633715345533
5.387507347556274e6	6.799164677254646	-0.002883096696504997	-41.88610598691732	-44.2547383310915	9.474471958583843	0.04054363380075128	6.731383418535761
5.732599632762684e6	6.799164677254646	-0.002883096696504997	-42.037256528034185	-44.40640915942374	9.486233544137578	0.040545361887962726	6.7583474228897416
6.091454316910753e6	6.799164677254646	-0.002883096696504997	-42.18440192251328	-44.55407186716135	9.497890894889528	0.040546860393935444	6.784717049678778
6.463305537420294e6	6.799164677254646	-0.002883096696504997	-42.327349587031826	-44.69753336712662	9.509416985060016	0.040548062889018306	6.8104509715641175
6.846083667441002e6	6.799164677254646	-0.002883096696504997	-42.4655178936489	-44.83620968715	9.520754923542706	0.04054894810497935	6.8354386950737585
7.243979159586587e6	6.799164677254646	-0.002883096696504997	-42.60057373436274	-44.97177466627929	9.532028024058643	0.04054939497118391	6.859973877496348
7.652634655409113e6	6.799164677254646	-0.002883096696504997	-42.7311714562363	-45.10287873121266	9.543116685293676	0.04054926243435474	6.88380784245773
8.076746930944979e6	6.799164677254646	-0.002883096696504997	-42.858954194741415	-45.231171108306505	9.554148404397337	0.040548525789616555	6.90723350238467
8.51329258562393e6	6.799164677254646	-0.002883096696504997	-42.98309756894221	-45.355823804507374	9.56504339472061	0.04054718505014003	6.930094739026653
8.964091042002544e6	6.799164677254646	-0.002883096696504997	-43.10424130904375	-45.47748075427046	9.575847819099842	0.04054504533434959	6.952503580057063
9.428934525572779e6	6.799164677254646	-0.002883096696504997	-43.22241350302354	-45.596169441271556	9.586555292636913	0.04054213759525457	6.9744600734146935
9.906267378288975e6	6.799164677254646	-0.002883096696504997	-43.33734022600075	-45.711615738588364	9.59713114915033	0.04053833591562863	6.995907621880683
1.0398957289541224e7	6.799164677254646	-0.002883096696504997	-43.44980658912802	-45.8246081239577	9.607638558193374	0.04053359479164241	7.016987485434003
1.0904593693500599e7	6.799164677254646	-0.002883096696504997	-43.55934613878532	-45.93467771790578	9.618025393546443	0.04052792233970197	7.037607286371887
1.1427267485499546e7	6.799164677254646	-0.002883096696504997	-43.66690516231822	-46.04277507438274	9.628372987542498	0.040521264901665306	7.05794029205198
1.196156415056927e7	6.799164677254646	-0.002883096696504997	-43.77144272111391	-46.1478537799845	9.638574710354764	0.040513686126182655	7.07778596635876
1.2515384686392905e7	6.799164677254646	-0.002883096696504997	-43.87455917827558	-46.25152128323531	9.648776651195252	0.04050514102348462	7.097442284521475
1.3082601017594462e7	6.799164677254646	-0.002883096696504997	-43.97512838443116	-46.35264472839129	9.658863393965515	0.04049577174286227	7.116692261449395
1.3665417736214267e7	6.799164677254646	-0.002883096696504997	-44.07362370661163	-46.451698662513344	9.668873177098032	0.04048563057227365	7.1356211550059365
1.426193464727445e7	6.799164677254646	-0.002883096696504997	-44.169794706281515	-46.54842980919416	9.678773507477583	0.040474847784631465	7.154176758421547
1.4876070905758772e7	6.799164677254646	-0.002883096696504997	-44.264323517464824	-46.64352260526351	9.688627596075188	0.04046347482699133	7.172486625612935
1.5503340217533948e7	6.799164677254646	-0.002883096696504997	-44.35657465234565	-46.73633604901006	9.698362398725632	0.040451721791647556	7.1904237288329105
1.6148158442558976e7	6.799164677254646	-0.002883096696504997	-44.44725321707691	-46.82757799696855	9.708046013880846	0.040439618159643725	7.208121515011559
1.6811714016003076e7	6.799164677254646	-0.002883096696504997	-44.53653101425213	-46.91741944735072	9.717691693957342	0.04042729497655117	7.22561056534499
1.749097283087166e7	6.799164677254646	-0.002883096696504997	-44.62402279530118	-47.005471480027055	9.727252947075042	0.040414901500659725	7.242812592383554
1.8190492075169142e7	6.799164677254646	-0.002883096696504997	-44.71033050895477	-47.09233809492065	9.73679068513202	0.04040250084074446	7.259843127410492
1.890307744202802e7	6.799164677254646	-0.002883096696504997	-44.794602956343454	-47.17716098615888	9.74620572137056	0.040390343286030916	7.2765312433026095
1.963291524024129e7	6.799164677254646	-0.002883096696504997	-44.877395216138574	-47.26049742492192	9.755554385542727	0.04037845946953914	7.292983568609592
