# This is the file header# problem=SEAS Benchmark BP5-QD
# code=Thrase
# modeler=B. A. Erickson
# date=2023/01/09
# element size=1000 m
#location=on fault, 0km along strike, 8km away from the fault, 0km depth# minimum_time_step=0.1
# maximum_time_step=3.157e6
# num_time_steps=2400
# Column #1 = Time(s)
# Column #2 = Slip_2(m)
# Column #3 = Slip_3(m)
# Column #4 = Slip_rate_2(log10 m/s)
# Column #5 = Slip_rate_3(log10 m/s)
# Column #6 = Shear_stress_2 (MPa)
# Column #7 = Shear_stress_3 (MPa)
# Column #8 = State (log10 s)
t slip_2 slip_3 slip_rate_2 slip_rate_3 shear_stress_2 shear_stress_3 state
# Here is the time-series data.
0.0	0.0	0.0	-1.5228787452803376	-20.0	21.21171172530103	1.9490040931338383e-10	8.14612803300041
0.07290145234290943	0.0011036522095468834	-1.89823160486734e-11	-1.815798177102838	-9.280908081224414	21.208571516613606	-7.267775672406138e-7	8.142441032748476
0.6522666446483425	0.010628737453452447	-1.6709436493072864e-9	-1.7542651522270185	-8.267875367329397	21.178545189197166	-6.490615892858333e-6	8.110620327379046
2.5476631988883534	0.05134048016296007	-3.386067972860329e-8	-1.596167777376751	-7.5047448652697435	21.015831460761767	-2.5939971166943915e-5	7.974613526085053
5.956063691248455	0.1618003165185855	-2.8585083649202587e-7	-1.3994387015632632	-6.883119548910114	20.491011918886343	-6.727946953163599e-5	7.60559741804494
10.664604849276007	0.41427330377465743	-1.686673672607501e-6	-1.149435449589111	-6.254375384848066	19.235473387019475	-0.00015106468295279603	6.762154301102991
13.719677276921962	0.685804362146711	-4.610855895229842e-6	-0.9521503902579108	-5.81148607068508	17.90287270665248	-0.00024750674761645614	5.855043998180644
15.96984748191578	0.9960340331573476	-9.528337109359757e-6	-0.769144829376895	-5.553473898134905	16.42581708871556	-0.000269896910748416	4.818657051549858
17.80769255855835	1.3811498145023497	-1.3838546737444106e-5	-0.5895909028999096	-6.426504513448451	14.648360320456085	-2.1324330438015693e-5	3.5321642317344137
19.313785357477677	1.853426122841443	-1.6417643228796919e-6	-0.4198842444857518	-4.620029085110443	12.534883265191615	0.0007906339392267435	1.956311745770006
20.585150531209056	2.4296674063541692	8.062858498213686e-5	-0.2805623769880893	-3.8822619310179305	10.080413398334155	0.0025221957461413957	0.1312801461419392
21.588468194013043	2.9403518977774525	0.00032130227478004007	-0.34326120821133504	-3.4391618014056324	8.63472838230688	0.006923856965866866	-0.5088177213274931
22.37005940429544	3.2571746502511587	0.0006624516548135368	-0.44087338037213314	-3.3042908677476404	8.293095261163058	0.011357929449059612	-0.4490871551816579
23.092393080286516	3.4949895514028624	0.001049620209330648	-0.5252095282582826	-3.2455725689580697	8.110254275978546	0.015440858030233717	-0.3724561002821451
23.837382246285753	3.697153205975886	0.001488938080189062	-0.607574784361201	-3.214592422213774	7.985543742159583	0.0197372596797551	-0.2956453206952564
24.591459943328932	3.8678789037418033	0.0019630775870428476	-0.6826304794746343	-3.1906127710344427	7.9102049108002515	0.024558703865295562	-0.2243457894140382
25.332058176298368	4.010032480334655	0.00244822820779993	-0.7511787061706894	-3.1780234362593465	7.865213274594215	0.029435117476895322	-0.16005275770777946
26.043584999344976	4.127576016641675	0.002925161034284515	-0.8129377223994437	-3.169803040644459	7.841642259890282	0.034477971585817134	-0.1025045764149294
26.729393147969954	4.226385696237482	0.003391509846325893	-0.8704452440550693	-3.166690799614427	7.830538913004089	0.03958640800810799	-0.050161703442024065
27.38813775732522	4.309682309342602	0.003836549074783468	-0.9266774471411502	-3.1766960050140103	7.826129817826702	0.04400768159268076	-0.0013787678947213469
28.026312000165248	4.380552059061599	0.004250302876398762	-0.9832196822066871	-3.2023374162406006	7.827469760141815	0.04726108246322392	0.045648477532859034
28.643555743782933	4.440747903310507	0.004622286706595332	-1.039322247530982	-3.2394594466712014	7.835045811292009	0.04942018206048322	0.09125317709631872
29.24365244071298	4.492232184235862	0.004951495015816796	-1.0943928267735954	-3.283489811223913	7.848485603607797	0.050779553932042386	0.13551422379830108
29.829229071861707	4.53654719107072	0.005240199058912308	-1.1482435919415854	-3.332098465762034	7.866655428547009	0.05151518383941774	0.1783462073639552
30.39866713545745	4.5746749923729455	0.005490144133137001	-1.2007312804322272	-3.3845205531746667	7.888177235166287	0.05166392381210196	0.21947639438034558
30.959165113008417	4.607953446047248	0.005707046763502714	-1.2526698445445212	-3.441718221555225	7.91230334293164	0.051198183424306855	0.25938324455993994
31.504342147860175	4.63670850397441	0.005891058581655642	-1.3035291250221854	-3.5034577372201046	7.938076897209221	0.05009411281108002	0.29762433566248236
32.04306448419976	4.661992174948335	0.00604778020404674	-1.3540340137480955	-3.571012496673813	7.965468984478198	0.048331788684985694	0.33482875293930375
32.57110252033729	4.684077381527636	0.0061784728353477215	-1.4035347682863375	-3.643976217963061	7.9939541389168625	0.04595367016219505	0.3706817302079107
33.090420482765815	4.703482204395074	0.006286446870506936	-1.451867279078811	-3.722585390817095	8.023350443645024	0.04301675539719472	0.4052758689287425
33.60516960171604	4.7207119834650095	0.006375122097239251	-1.4990279302643204	-3.8075969238339358	8.053630929921143	0.03957516460890734	0.438823319426048
34.1092347438131	4.735882898171458	0.006446073975128842	-1.5440897136273075	-3.898313112356088	8.08416373406781	0.03576116860629305	0.47086631053713524
34.609299218782155	4.749477195805013	0.006502723128621467	-1.5873275745924744	-3.996699008506449	8.115090238258436	0.03161709175216803	0.5017797652382094
35.104167168061934	4.761685231558569	0.006546992093548226	-1.6283587773158321	-4.104180492443026	8.146099237944675	0.027235037735472662	0.5314411635592455
35.59092918592742	4.772643115677581	0.006580593015721382	-1.6667506781260086	-4.222967998623715	8.176793275345938	0.022717769962502507	0.5596570827135282
36.07539692128634	4.782652695653484	0.006605568438236668	-1.7028136121371007	-4.359947182139607	8.207358063104227	0.018074646442708436	0.5867539541603052
36.55388227561706	4.791778856544804	0.006623072304580426	-1.736158972745201	-4.525174387224227	8.237415549113063	0.013389845340242238	0.6125232935466083
37.0267116687648	4.800156700494307	0.006634317648777323	-1.7667488132121758	-4.744744028125574	8.266877509901759	0.008696535774487356	0.6370021670843491
37.497922882039305	4.80796062203503	0.006640317527062731	-1.7947725944597572	-5.1140268298512765	8.295913684017938	0.003977498177611055	0.6604134054247036
37.96284779863542	4.8152027395013315	0.0066417659365944235	-1.819960944646018	-5.892333361078602	8.324158141043426	-0.0007046409944072215	0.6825469696897829
38.42340112694606	4.821992591926268	0.006639316120579381	-1.842588336697507	-5.035559099021852	8.351634185484832	-0.005355508352530655	0.7035329897419319
38.882615436705436	4.828435093519735	0.006633419695845693	-1.8630726835924913	-4.786481580409397	8.378411280351779	-0.009994309132796086	0.7235448495625012
39.33780227135718	4.834540388745116	0.006624490586935762	-1.8817018315066716	-4.6423104576085885	8.404209317661827	-0.014584388831163642	0.7425122544618064
39.79583544835183	4.84043371684281	0.006612677531271284	-1.8992635996977982	-4.542016990457197	8.42928388967595	-0.019188334908007733	0.7607722287486302
40.26658199975411	4.846252173601552	0.00659783731760315	-1.9166811843910425	-4.465250960945123	8.454002436571388	-0.02390521159162742	0.7787424032616531
40.763072450769876	4.8521423079196015	0.006579488889864773	-1.9349527450341146	-4.402656132657059	8.478848268309982	-0.02888241313598637	0.7969111409822159
41.30712819595794	4.858316085421295	0.006556511120128656	-1.9553880466082731	-4.348662890201762	8.504647023439064	-0.03438598344774913	0.8160161374800495
41.92411767403814	4.86496878505984	0.006527197389423227	-1.9794055850896195	-4.299999415989763	8.53226571217493	-0.040782189742804405	0.8368238116561019
42.609305084743276	4.8719317920619	0.006491001492581658	-2.00675961833906	-4.255915333125529	8.561339024681418	-0.048237632048684656	0.8590420761709983
43.33300933141865	4.8788288920314855	0.00644887926065715	-2.0347838367581277	-4.2149000387015	8.590984851147415	-0.05674488906102042	0.8816222293033686
44.07319788235244	4.88546334938149	0.006401522066041318	-2.0593224841766546	-4.172712987318741	8.621179506303672	-0.06640123925350519	0.9037753456951995
44.787049489872715	4.891569257426664	0.006350955848342341	-2.074590610137329	-4.1255482792368205	8.651243768045168	-0.07693445476843852	0.9240762821403139
45.480698156640955	4.89738186336187	0.006295527001461299	-2.07626539654935	-4.067259940243248	8.682378902981855	-0.08864294801399943	0.9424784064298453
46.15415205539485	4.903116991282099	0.006232843582708145	-2.0598035985925107	-3.992545352840931	8.715375044077474	-0.10175232146122277	0.9586029012823883
46.81586993304433	4.909121345360493	0.006157806132392426	-2.020576241306615	-3.8956054434765917	8.751252030320423	-0.11669197471860573	0.9720464694004435
47.48080132305023	4.9159426027685065	0.006060264835940807	-1.95303415119543	-3.7694291529264605	8.791204341475844	-0.13416936771178933	0.98201775941974
48.172141044304695	4.924578799150624	0.005918308605907755	-1.8501911483835431	-3.605281161142046	8.836299261474677	-0.1553031995242515	0.9866386997175153
48.90145933375067	4.936677285210726	0.0056882588754322725	-1.7092468816921287	-3.400507359470853	8.884469368354656	-0.18087186495006502	0.9815117957046037
49.70552226588151	4.956044558989869	0.00525944784626317	-1.5313912923364257	-3.156131402897726	8.928124573145833	-0.21184593293608	0.956978793857772
50.58702238574883	4.988774657472217	0.004416861946944114	-1.3392776288631392	-2.900696066890862	8.942076387472087	-0.245482160836591	0.8960801413635268
51.57414392691535	5.045294480550744	0.002751339507958571	-1.159493066891803	-2.6668566515430223	8.880616734037432	-0.2761083513035911	0.7741319366152909
52.72610719052977	5.140597541605524	-0.00037039908733589214	-1.0238756208453186	-2.492284257575978	8.67656705102465	-0.2950796709899318	0.5702684149737316
54.02743419021485	5.271871471697263	-0.004968293008507997	-0.9918745482032336	-2.436929089588807	8.333977232279592	-0.2990871595767694	0.3484094552302441
55.48837677710333	5.4050752866430365	-0.009883895894293669	-1.1190221677683043	-2.5368750247333103	8.027406773266272	-0.3067060999705882	0.25739510686151335
57.084544605623165	5.494045894316692	-0.013411256857463931	-1.4410561079809308	-2.8233186592983515	7.917826063235882	-0.32835482752271355	0.3440880080436611
58.52102822732144	5.526645698916954	-0.01479602894698465	-1.9257828447455552	-3.285226853984325	7.9512565511210465	-0.3475295653293707	0.49380004372149205
59.75148424663382	5.535024699487505	-0.015166222107166352	-2.4789709888621045	-3.8281734989849867	8.010046678131937	-0.35845326190610904	0.6247470001658613
60.906483195482856	5.537215806358483	-0.015264739192379079	-3.014100237452813	-4.358912524731793	8.058781337724954	-0.36429824979670467	0.7307423340400744
62.12913151599397	5.537902152031346	-0.015295829168335214	-3.526072368733824	-4.869092247225097	8.098394765882892	-0.36760301494962255	0.8238030634936333
63.422028594256304	5.538134367826555	-0.015306375141730546	-3.995777763938224	-5.338505036488933	8.130366614013885	-0.3693030178984971	0.905497168176734
64.83241405027705	5.538222666334116	-0.015310383980344584	-4.4372604049107665	-5.780620891653408	8.157661251846646	-0.370002944714024	0.980341765382979
66.4034852081282	5.538258879274247	-0.01531202455933162	-4.861372683402025	-6.206023416753737	8.181977309024305	-0.3700049527303892	1.051017551518423
68.23332069251487	5.538274732368345	-0.015312740214270735	-5.287282032536737	-6.633789021730202	8.204922009258523	-0.3694600358927528	1.1210876304060176
70.38915628788706	5.538281696805115	-0.01531305311258474	-5.71880614908744	-7.067667088328077	8.226957100582116	-0.3684497731299838	1.1913540565821175
72.83699024457175	5.53828465464479	-0.015313185237462727	-6.140285301833586	-7.491821048770139	8.247509260949355	-0.3671022657240441	1.2594094398194746
75.59398616280521	5.538285932109057	-0.015313241937208687	-6.55008128242027	-7.9045062321290365	8.266729413083597	-0.3655180034310022	1.325128859996167
78.86886941819206	5.538286516430667	-0.015313267692281612	-6.970302522889823	-8.327926962266325	8.285776751469399	-0.36367109842934187	1.3921314371462745
82.81791656330152	5.538286780051844	-0.015313279223120353	-7.405732278751071	-8.766872902805105	8.304913842127409	-0.36157176334018903	1.4612076618942542
87.65166188837361	5.538286896097764	-0.015313284256522227	-7.860887034608983	-9.225875517350504	8.32436095454018	-0.3592215816672391	1.5330875282967917
93.42890741665468	5.538286944376189	-0.015313286331684241	-8.323227172366316	-9.692274332067704	8.343631584131039	-0.35670398379722507	1.605819899173476
100.36776637213678	5.538286964207665	-0.015313287176010586	-8.793862229791372	-10.167175858498677	8.362829836844234	-0.3540296464158622	1.679613335299254
108.83519748474892	5.538286972279931	-0.015313287516251842	-9.27863056041005	-10.656462720050564	8.382241445615229	-0.35117857047347933	1.755411232580398
118.88967810777338	5.538286975419453	-0.01531328764719685	-9.763358802503113	-11.145817362383193	8.401334976024598	-0.3482488903377813	1.8310187977677872
130.30337526529638	5.538286976610151	-0.015313287696336145	-10.22837910965717	-11.61535984291353	8.419404938834486	-0.34538276704676685	1.9034088433877867
143.7974432340366	5.538286977092111	-0.015313287716018642	-10.694518350787021	-12.086102179903076	8.437304158841455	-0.3424679044010317	1.9758490360913628
159.763145432763	5.538286977286817	-0.01531328772388579	-11.161873355465387	-12.558137535161762	8.455084066629299	-0.3395109222520056	2.048382221671644
178.01237880798965	5.538286977363747	-0.015313287726960985	-11.61555533409147	-13.016423592923156	8.472216476502867	-0.3366113729498042	2.1187198961326184
199.0870356011729	5.538286977395232	-0.01531328772820627	-12.0620527208582	-13.467515896309742	8.488996483094532	-0.33372840913828344	2.1878969491197298
223.85675520920904	5.538286977408453	-0.015313287728723672	-12.50962551453789	-13.919758274305243	8.505779042174838	-0.33081206245886136	2.257218964027821
252.7877366735184	5.538286977413973	-0.015313287728937358	-12.95542931925082	-14.370281249668958	8.52248992497078	-0.32787972795269665	2.326264138740615
286.55267077493784	5.538286977416286	-0.01531328772902591	-13.399268998560792	-14.818887471721853	8.539159894357963	-0.32493513405228025	2.395024341654598
325.64931435566194	5.538286977417255	-0.01531328772906259	-13.83807967170333	-15.26247732651941	8.555705998442503	-0.3220017244945997	2.4630434281629707
371.2136898716979	5.538286977417667	-0.015313287729078012	-14.275083226536227	-15.704311026567009	8.572283928441582	-0.31905734514634454	2.5308405893111994
424.44976992170353	5.538286977417842	-0.01531328772908453	-14.711374551176014	-16.145501808649154	8.58897119542786	-0.3160922797837364	2.5986064635153547
486.677881008558	5.5382869774179175	-0.01531328772908729	-15.14705122340486	-16.586156286213296	8.605803174188749	-0.31310236365210486	2.6663744578351216
559.5632406464339	5.5382869774179495	-0.015313287729088463	-15.582809349543133	-17.026983921195747	8.62283732265948	-0.31008133216485473	2.7342705248920627
643.9221960800678	5.538286977417964	-0.015313287729088958	-16.013675778666265	-17.462954243042116	8.639899921776149	-0.3070649506772059	2.801531795889393
742.3275646466847	5.53828697741797	-0.01531328772908917	-16.443316802388868	-17.897774690565498	8.657151376143759	-0.30403047872410677	2.8687394730500166
856.920076660475	5.538286977417973	-0.01531328772908926	-16.871042035458167	-18.330745046980017	8.67457821885911	-0.3009853488959387	2.93579387122969
989.4654127099817	5.538286977417973	-0.015313287729089298	-17.294289471500594	-18.759271307707717	8.69208765673362	-0.29794922572873545	3.002300080950949
1143.19440662676	5.538286977417973	-0.015313287729089315	-17.714606432556785	-19.184920323338144	8.709753009540576	-0.29491166340013725	3.0685066321459757
1321.904845327282	5.538286977417973	-0.015313287729089324	-18.133125644531518	-19.608840325537486	8.727633023419486	-0.2918648506065619	3.1345984041597403
1530.0547132391932	5.538286977417973	-0.015313287729089325	-18.550646585276525	-20.031839430595046	8.745774731289062	-0.2888054879373383	3.2007091582633733
1774.2451001790805	5.538286977417973	-0.015313287729089325	-18.96989395339003	-20.456677954059035	8.764311630999536	-0.285715506068996	3.267279123693517
2058.6379251457956	5.538286977417973	-0.015313287729089325	-19.38757967949183	-20.88002360491465	8.783113657163799	-0.28262109669669666	3.333795121571106
2388.823126656629	5.538286977417973	-0.015313287729089325	-19.802503402181163	-21.300660898697807	8.802139497120024	-0.27953149710836644	3.40007336469113
2770.928307805023	5.538286977417973	-0.015313287729089325	-20.213590898179984	-21.717504436730163	8.821351513802291	-0.2764531798340352	3.465948951635601
3212.7273721219076	5.538286977417973	-0.015313287729089325	-20.62083485972417	-22.130551806333767	8.840760039429307	-0.27338372472360767	3.5314268358199117
3722.8861209582765	5.538286977417973	-0.015313287729089325	-21.02407219931772	-22.539642896479755	8.860367208048126	-0.2703217709461836	3.59648647619537
4319.576769812673	5.538286977417973	-0.015313287729089325	-21.4284331951629	-22.949988589170534	8.880434484807251	-0.2672260674836673	3.6619625291817957
5025.032948424824	5.538286977417973	-0.015313287729089325	-21.837572569545667	-23.365304970189722	8.901165674636646	-0.26406721420824025	3.728459784756216
5845.448563323729	5.538286977417973	-0.015313287729089325	-22.244336406830467	-23.77833496672456	8.922214023743205	-0.26089999866575225	3.794824651072764
6785.547250099894	5.538286977417973	-0.015313287729089325	-22.643324090348248	-24.183591907994984	8.943294702046213	-0.2577684287916646	3.860172911410923
7864.108372122282	5.538286977417973	-0.015313287729089325	-23.035979683714295	-24.582536017666364	8.964469253237763	-0.254664405659939	3.9247325681615766
9101.988984474998	5.538286977417973	-0.015313287729089325	-23.42317907852428	-24.97605073005576	8.98577599648493	-0.2515845321797576	3.9886425094121414
10521.473851457313	5.538286977417973	-0.015313287729089325	-23.805202465077812	-25.364414604587296	9.00722360312923	-0.24852999132952777	4.05194511150656
12147.34659975279	5.538286977417973	-0.015313287729089325	-24.182184643273178	-25.747759667496947	9.02881609306978	-0.24550242301162162	4.114660679128457
14000.448966363216	5.538286977417973	-0.015313287729089325	-24.55292591733254	-26.124860681108377	9.05048051441651	-0.24251403295786195	4.176587189771405
16108.421891087812	5.538286977417973	-0.015313287729089325	-24.91746177663259	-26.495749010213334	9.07221147436722	-0.23956641369645199	4.237726247026425
18516.67162891836	5.538286977417973	-0.015313287729089325	-25.277922550094903	-26.86258612833867	9.094132316856872	-0.23664519490826466	4.298433048731188
21255.636214538892	5.538286977417973	-0.015313287729089325	-25.63316356051833	-27.22420388924209	9.116171764276366	-0.23376106150196482	4.358513847776602
24347.98447470682	5.538286977417973	-0.015313287729089325	-25.981319064922733	-27.578696762747867	9.138205841326823	-0.2309315330436834	4.417648337933555
27839.053461715386	5.538286977417973	-0.015313287729089325	-26.32318150403817	-27.92686520119079	9.160274553793139	-0.22815226965339874	4.47596523477053
31768.764473682215	5.538286977417973	-0.015313287729089325	-26.6585116645318	-28.268457344518247	9.182354776485207	-0.22542827537416754	4.533419290795125
36210.6856252978	5.538286977417973	-0.015313287729089325	-26.98931058678977	-28.605502861676573	9.204571957196205	-0.22274672238019555	4.590349716178996
41290.663512078965	5.538286977417973	-0.015313287729089325	-27.31956351730343	-28.942054905222612	9.227202600816122	-0.22007903270099188	4.647447526928412
47107.36589304016	5.538286977417973	-0.015313287729089325	-27.649470578319193	-29.278310413858538	9.250277501006975	-0.21742772707054284	4.704757259392014
53661.98652588967	5.538286977417973	-0.015313287729089325	-27.973937324329917	-29.60907314240139	9.273447840268473	-0.2148351876301421	4.76139827517156
61035.837173234664	5.538286977417973	-0.015313287729089325	-28.292981082358487	-29.93435859005177	9.296710796157589	-0.21230088929484284	4.817371206548368
69342.87612437138	5.538286977417973	-0.015313287729089325	-28.60752896563002	-30.255111083972338	9.320129192613251	-0.20981658499118364	4.872835895779157
78631.74721387679	5.538286977417973	-0.015313287729089325	-28.91579846382177	-30.569512877433656	9.343562425434069	-0.20739490255518797	4.927473406931963
88995.69030759006	5.538286977417973	-0.015313287729089325	-29.217813382097848	-30.877587057375784	9.366999470135845	-0.20503444188121472	4.981280476427303
100562.66891035685	5.538286977417973	-0.015313287729089325	-29.51429433287492	-31.18006683604763	9.390486361164283	-0.20272886226360834	5.034379722227785
113585.73229204857	5.538286977417973	-0.015313287729089325	-29.808167644410716	-31.479935553288662	9.414253565784634	-0.20045550273856683	5.087294438291758
128274.2583067846	5.538286977417973	-0.015313287729089325	-30.10001374986768	-31.77778291741651	9.438357611495427	-0.19821077555304156	5.140134681562759
144663.52962872304	5.538286977417973	-0.015313287729089325	-30.38692380260613	-32.07063685304671	9.462561572243672	-0.19601787104495183	5.19237570119106
162964.311107115	5.538286977417973	-0.015313287729089325	-30.66951652616785	-32.359121613913715	9.486913964593253	-0.1938741355125342	5.2441280230497185
183273.77397674203	5.538286977417973	-0.015313287729089325	-30.94649811123601	-32.64191035027238	9.511299285620433	-0.19179072837558211	5.295152373165554
205896.80978328304	5.538286977417973	-0.015313287729089325	-31.21932743168468	-32.92048900098761	9.53584384798206	-0.18975689329530648	5.345716242952929
231204.12288078252	5.538286977417973	-0.015313287729089325	-31.489368114082108	-33.196248230921164	9.560675148558028	-0.18776232104368373	5.396075123645747
259565.15930038088	5.538286977417973	-0.015313287729089325	-31.757155122024166	-33.46973550766517	9.585857380534096	-0.1858020826079931	5.446337435873647
291198.95101939206	5.538286977417973	-0.015313287729089325	-32.02154013415215	-33.739777651828376	9.611288422707672	-0.18388406354587522	5.49629101810238
326347.2776539882	5.538286977417973	-0.015313287729089325	-32.28174503077258	-34.00557691136914	9.636895783578467	-0.18201420445834973	5.545790196961998
365492.9662083102	5.538286977417973	-0.015313287729089325	-32.53861894109185	-34.26799544558697	9.662764250159505	-0.18018759112261257	5.5949972040321345
409373.08093633386	5.538286977417973	-0.015313287729089325	-32.793866096345226	-34.52876967632751	9.689075963775261	-0.1783933992092175	5.64424459079573
457905.67722275824	5.538286977417973	-0.015313287729089325	-33.04422408708895	-34.784563545565064	9.715502805813346	-0.1766549548276647	5.692907630722611
511496.22440341034	5.538286977417973	-0.015313287729089325	-33.289664097128295	-35.035343573314954	9.742039825050432	-0.17497275276575938	5.740979596683662
570351.1652564369	5.538286977417973	-0.015313287729089325	-33.529310491750024	-35.28021331119206	9.768584484253601	-0.1733519843793513	5.788284401288666
634989.2893206323	5.538286977417973	-0.015313287729089325	-33.763652597273214	-35.51966999967472	9.795180966162768	-0.17178888527942981	5.8349128061818245
706553.5779560773	5.538286977417973	-0.015313287729089325	-33.99486192064903	-35.75593012550202	9.82207316074783	-0.1702687547450513	5.881295383373856
784822.4534447108	5.538286977417973	-0.015313287729089325	-34.22041850317541	-35.98641550856197	9.848965454707104	-0.16880822711311308	5.926925133693606
869949.9928080346	5.538286977417973	-0.015313287729089325	-34.43961742198258	-36.21040017459694	9.87575929137031	-0.1674124466397416	5.971651033556361
962766.4455467804	5.538286977417973	-0.015313287729089325	-34.65350703392703	-36.42894984013759	9.902571430325626	-0.1660753504580862	6.015680384014702
1.064745543075229e6	5.538286977417973	-0.015313287729089325	-34.863996427108894	-36.64400829217076	9.929643805410775	-0.16478656646745024	6.0594076870558276
1.1756039088377932e6	5.538286977417973	-0.015313287729089325	-35.06911035598294	-36.853550666201194	9.956726565275396	-0.16355968683379998	6.102425030267912
1.295862642130655e6	5.538286977417973	-0.015313287729089325	-35.26883496359464	-37.05755729916736	9.983809939780151	-0.162395491972526	6.144724897487755
1.4258697977119973e6	5.538286977417973	-0.015313287729089325	-35.46292989963093	-37.25578256087171	10.010846059637965	-0.16129396641875174	6.186247507709109
1.5668333469919516e6	5.538286977417973	-0.015313287729089325	-35.65237177243263	-37.44922700661226	10.037954087795507	-0.1602470232354179	6.227191977340461
1.7181896291800016e6	5.538286977417973	-0.015313287729089325	-35.83575174478977	-37.63645822234108	10.06491147490454	-0.15925881571496636	6.26724163109799
1.8800397065409888e6	5.538286977417973	-0.015313287729089325	-36.01288921985364	-37.817298642833656	10.09166024138497	-0.15832634919549116	6.306338777227761
2.052161307156289e6	5.538286977417973	-0.015313287729089325	-36.183428539725824	-37.991390548247985	10.1181112113306	-0.15744810575498946	6.344384334726701
2.2355154154717075e6	5.538286977417973	-0.015313287729089325	-36.348230728657796	-38.15961763531744	10.144365340788625	-0.1566166661035831	6.381551480244949
2.4305141113422187e6	5.538286977417973	-0.015313287729089325	-36.50751586173981	-38.322208325078854	10.170428356494535	-0.15582846100885084	6.417872830425497
2.636989252845245e6	5.538286977417973	-0.015313287729089325	-36.66107613613169	-38.47895379344728	10.196236645162406	-0.15508230565508765	6.45328382633759
2.8540150736116357e6	5.538286977417973	-0.015313287729089325	-36.8083402330352	-38.62927372357716	10.221659188649753	-0.1543788871757865	6.487632429932842
3.084307769715543e6	5.538286977417973	-0.015313287729089325	-36.95117000281556	-38.77507133208207	10.246985670506636	-0.1537074082087403	6.521334511167268
3.326859048784513e6	5.538286977417973	-0.015313287729089325	-37.088868223847875	-38.91563716151953	10.27206870341543	-0.15306961074242326	6.554211779000358
3.582947828233296e6	5.538286977417973	-0.015313287729089325	-37.222144272487895	-39.05169635535346	10.297011243453397	-0.1524611193881513	6.586418384340716
3.850827940346451e6	5.538286977417973	-0.015313287729089325	-37.35015334481005	-39.182387045828115	10.321624655367327	-0.15188481653771102	6.61773248608733
4.1317965027639405e6	5.538286977417973	-0.015313287729089325	-37.47364555112989	-39.30847444054603	10.346018896501041	-0.1513367411984448	6.648317724744699
4.424727835974065e6	5.538286977417973	-0.015313287729089325	-37.592266696442735	-39.42959429099644	10.37008838740129	-0.15081858555966665	6.678065752962189
4.73278371671647e6	5.538286977417973	-0.015313287729089325	-37.70735466976729	-39.54711015009435	10.39407717295007	-0.15032473837752833	6.707296206114424
5.054037574140144e6	5.538286977417973	-0.015313287729089325	-37.818224706544704	-39.66031765436662	10.417813454868186	-0.1498592755191337	6.73581834077328
5.387507347556274e6	5.538286977417973	-0.015313287729089325	-37.92470285009982	-39.76903399841852	10.44122655021642	-0.1494240043569113	6.763568047550077
5.732599632762684e6	5.538286977417973	-0.015313287729089325	-38.02682956397996	-39.87329414853777	10.464284211007024	-0.14902013142021825	6.790532055176289
6.091454316910753e6	5.538286977417973	-0.015313287729089325	-38.125407517720596	-39.97391135617955	10.487132063040576	-0.14864588758877514	6.816901684974819
6.463305537420294e6	5.538286977417973	-0.015313287729089325	-38.22035486363138	-40.07079496400986	10.509717555328917	-0.14830334418161661	6.842635609626086
6.846083667441002e6	5.538286977417973	-0.015313287729089325	-38.311351893132915	-40.163616654086795	10.531923468272268	-0.14799359963936679	6.867623335669089
7.243979159586587e6	5.538286977417973	-0.015313287729089325	-38.39956021205587	-40.253557864866764	10.553989539719883	-0.1477130979519999	6.892158520441289
7.652634655409113e6	5.538286977417973	-0.015313287729089325	-38.48415901079044	-40.33978265580874	10.57567527900275	-0.1474634745315448	6.9159924875614855
8.076746930944979e6	5.538286977417973	-0.015313287729089325	-38.56628065455094	-40.42344336293124	10.59722586823845	-0.14724124553974355	6.939418149497885
8.51329258562393e6	5.538286977417973	-0.015313287729089325	-38.645449663672416	-40.504055746199086	10.61848116457157	-0.14704705074704802	6.962279387999134
8.964091042002544e6	5.538286977417973	-0.015313287729089325	-38.72213190357319	-40.58209194473604	10.639527389936674	-0.14687987551216178	6.984688230759451
9.428934525572779e6	5.538286977417973	-0.015313287729089325	-38.79639289131838	-40.65761759822615	10.660349548163751	-0.1467393997895562	7.0066447257276625
9.906267378288975e6	5.538286977417973	-0.015313287729089325	-38.86810978856695	-40.73050432801853	10.680878169397133	-0.14662648443087	7.02809227569021
1.0398957289541224e7	5.538286977417973	-0.015313287729089325	-38.937814154723476	-40.80128900175689	10.701234821878371	-0.1465409649727431	7.049172140644144
1.0904593693500599e7	5.538286977417973	-0.015313287729089325	-39.00525213683339	-40.86970989151423	10.721318403756385	-0.14648408387190223	7.069791942887848
1.1427267485499546e7	5.538286977417973	-0.015313287729089325	-39.071039897849936	-40.93638684433367	10.741286265725456	-0.14645673384037006	7.090124949796293
1.196156415056927e7	5.538286977417973	-0.015313287729089325	-39.13456926940586	-41.000701802257616	10.760932106941182	-0.14645943637532016	7.109970625247781
1.2515384686392905e7	5.538286977417973	-0.015313287729089325	-39.19684583009906	-41.06366802758077	10.780538980316926	-0.14649347353204586	7.129626944493875
1.3082601017594462e7	5.538286977417973	-0.015313287729089325	-39.25721824286338	-41.12462940981106	10.799882142498031	-0.14655743286153988	7.1488769224363
1.3665417736214267e7	5.538286977417973	-0.015313287729089325	-39.316006567255904	-41.183910054006255	10.81903514478496	-0.14665100542819173	7.167805816947521
1.426193464727445e7	5.538286977417973	-0.015313287729089325	-39.37309648647899	-41.2414000231603	10.837934177898271	-0.14677191895161684	7.186361421259455
1.4876070905758772e7	5.538286977417973	-0.015313287729089325	-39.428926759287314	-41.29754495808847	10.85669851198734	-0.14691954643511787	7.204671289298541
1.5503340217533948e7	5.538286977417973	-0.015313287729089325	-39.48315428242601	-41.352005487747626	10.875187809710726	-0.14709081707801952	7.222608393315009
1.6148158442558976e7	5.538286977417973	-0.015313287729089325	-39.536224520782724	-41.40523516444789	10.893529977931014	-0.14728482030247877	7.240306180247938
1.6811714016003076e7	5.538286977417973	-0.015313287729089325	-39.588263113050665	-41.4573647874095	10.911748919422136	-0.1475002274136139	7.257795231297159
1.749097283087166e7	5.538286977417973	-0.015313287729089325	-39.63906902727377	-41.508199226542054	10.929755759672936	-0.14773393233245588	7.274997259012198
1.8190492075169142e7	5.538286977417973	-0.015313287729089325	-39.68901122650713	-41.5581118779412	10.947665065716137	-0.14798607465987798	7.292027794682988
1.890307744202802e7	5.538286977417973	-0.015313287729089325	-39.73761314059606	-41.606632365622325	10.965291435047654	-0.14825213410671056	7.308715911181985
1.963291524024129e7	5.538286977417973	-0.015313287729089325	-39.785210270486786	-41.65409978628892	10.982741762021202	-0.14853241978346537	7.325168237064872
