# This is the file header# problem=SEAS Benchmark BP5-QD
# code=Thrase
# modeler=B. A. Erickson
# date=2023/01/09
# element size=1000 m
#location=on fault, 0km along strike, 8km away from the fault, 0km depth# minimum_time_step=0.1
# maximum_time_step=3.157e6
# num_time_steps=2400
# Column #1 = Time(s)
# Column #2 = Slip_2(m)
# Column #3 = Slip_3(m)
# Column #4 = Slip_rate_2(log10 m/s)
# Column #5 = Slip_rate_3(log10 m/s)
# Column #6 = Shear_stress_2 (MPa)
# Column #7 = Shear_stress_3 (MPa)
# Column #8 = State (log10 s)
t slip_2 slip_3 slip_rate_2 slip_rate_3 shear_stress_2 shear_stress_3 state
# Here is the time-series data.
0.0	0.0	0.0	-9.0	-20.0	13.273061180257438	1.3273061180257436e-10	8.146128033000423
0.07290145234290943	7.290349878514353e-11	4.5298239420572575e-17	-8.999975620076407	-14.905670900591028	13.273117317096846	1.6492164291221406e-5	8.146128033000416
0.6522666446483425	6.524305434317308e-10	3.626005450496125e-15	-8.999781530212443	-13.953577906188483	13.273564224775798	0.0001476356292865922	8.146128032999913
2.5476631988883534	2.5502135940990022e-9	5.635832253443857e-14	-8.99911391686422	-13.34573162648474	13.275101449634615	0.0005976131415390283	8.146128032992511
5.956063691248455	5.971085356607375e-9	3.3181972941261874e-13	-8.997638848635772	-12.919154345112156	13.278497844014636	0.0015908654532120652	8.146128032953825
10.664604849276007	1.0720896684643993e-8	1.2453296726901574e-12	-8.994491453216762	-12.548127404625987	13.285744597878526	0.0037132137331173255	8.146128032825802
13.719677276921962	1.3826436572661578e-8	2.368362979955553e-12	-8.990965846032003	-12.328160270337833	13.293861787060601	0.0061158487287920355	8.146128032669246
15.96984748191578	1.6134626727763543e-8	3.672985331642153e-12	-8.986540876226636	-12.1472050563861	13.304049021734256	0.009190087710141013	8.14612803248926
17.80769255855835	1.804258908898346e-8	5.274886813289821e-12	-8.98040209991203	-11.972736475337898	13.31818063141158	0.013555343440228365	8.146128032271747
19.313785357477677	1.963241167038267e-8	7.230700823521954e-12	-8.971881711535618	-11.800599545394787	13.33779235472604	0.019786369639425306	8.146128032012005
20.585150531209056	2.10061572194804e-8	9.694224488520273e-12	-8.959871014667673	-11.62537454978598	13.36543273014716	0.028872174193548667	8.146128031694403
21.588468194013043	2.2124344024804593e-8	1.2561790736708088e-11	-8.94511889609685	-11.464728797871059	13.39937294638277	0.040501823176887275	8.146128031338055
22.37005940429544	2.3026313727447828e-8	1.5691529647862118e-11	-8.930007083977952	-11.33334759479009	13.434128793322294	0.05307243291579463	8.146128030964611
23.092393080286516	2.3890909340355347e-8	1.9558774291366766e-11	-8.913489362206311	-11.212263657288995	13.472101753685081	0.06771128554858848	8.146128030523272
23.837382246285753	2.4820651983909384e-8	2.4853328605570056e-11	-8.893630897700826	-11.08711980535858	13.517728333712753	0.086579446789404	8.1461280299501
24.591459943328932	2.5810048977668115e-8	3.2034884597556993e-11	-8.869894000847049	-10.957906776103872	13.572222178449417	0.11082511361850046	8.146128029220034
25.332058176298368	2.6840924680828315e-8	4.154716911260285e-11	-8.842217117214343	-10.827315166249242	13.635693040867048	0.14111694534529365	8.146128028319424
26.043584999344976	2.7901044307554073e-8	5.3867124176186205e-11	-8.810803741554412	-10.698591372166765	13.707636428733123	0.17749043197478392	8.14612802723783
26.729393147969954	2.9004458404921503e-8	6.978391190989058e-11	-8.77551015834027	-10.573090307803323	13.788344087110557	0.21975155818542413	8.146128025942016
27.38813775732522	3.0158889462670816e-8	9.005728588727751e-11	-8.736651265834933	-10.453624317610585	13.877073733892342	0.2662715976463442	8.146128024403792
28.026312000165248	3.138719593625462e-8	1.1570819362069051e-10	-8.694151444568122	-10.3411757283675	13.974007814082142	0.3149899503367412	8.146128022572308
28.643555743782933	3.270249581050816e-8	1.475364454175963e-10	-8.648336169519125	-10.237041928660654	14.078451473757408	0.3629519458610326	8.14612802040567
29.24365244071298	3.412901992405953e-8	1.8648933001496277e-10	-8.599265563260085	-10.140984926388468	14.19034497653462	0.4076369940823416	8.146128017840356
29.829229071861707	3.569332775189587e-8	2.33480943196275e-10	-8.547078953336179	-10.052524553248862	14.30946195101512	0.44686640319669413	8.14612801480204
30.39866713545745	3.7414011450614004e-8	2.8899970953282373e-10	-8.492350614780886	-9.971591052797136	14.434577771344363	0.47881047918671543	8.14612801122798
30.959165113008417	3.9341479910397985e-8	3.5434984411060357e-10	-8.434899015968902	-9.897011405882973	14.56618035413717	0.5026125089404739	8.146128006984059
31.504342147860175	4.148525418003071e-8	4.2916322235718947e-10	-8.376040549711538	-9.829960030697443	14.701313104524699	0.5169358431310873	8.146128002020996
32.04306448419976	4.39160928629108e-8	5.1471431299975e-10	-8.315541806844404	-9.770191589838525	14.840559256368389	0.520955328326206	8.146127996146785
32.57110252033729	4.6656812776932426e-8	6.099837364207875e-10	-8.25454241464445	-9.71903978686642	14.981310561370012	0.514105718666119	8.146127989277682
33.090420482765815	4.975933096928704e-8	7.143221636357718e-10	-8.19349129263384	-9.676619727141166	15.1224862051573	0.49715837807019175	8.146127981258887
33.60516960171604	5.3298465184281485e-8	8.272493811085375e-10	-8.132621629075604	-9.642514852217133	15.263461024277076	0.47180202318571873	8.146127971871342
34.1092347438131	5.727833502405687e-8	9.457071639492103e-10	-8.073417161506109	-9.61668929003835	15.400698625975602	0.4408271088282285	8.146127961083566
34.609299218782155	6.179540406522142e-8	1.069357281570778e-9	-8.015799878077889	-9.598182113078822	15.534293613192002	0.40635843071039257	8.146127948617153
35.104167168061934	6.688640045815048e-8	1.1960483316179781e-9	-7.960486978337027	-9.586351865844389	15.662522495810743	0.37067800781264637	8.146127934354594
35.59092918592742	7.255442619361782e-8	1.3232257820933443e-9	-7.908184356313936	-9.580327404910815	15.783714263415343	0.3357887652992403	8.146127918277347
36.07539692128634	7.889852760146653e-8	1.4508477138470249e-9	-7.858485769807366	-9.579066717908	15.898797401064414	0.3025403653700705	8.146127900096172
36.55388227561706	8.589888179105804e-8	1.5766768447443579e-9	-7.811834357126767	-9.581684923642623	16.00674813917486	0.27192713373280825	8.14612787986115
37.0267116687648	9.357451417302358e-8	1.6998164864564473e-9	-7.768095803616294	-9.58740147453917	16.10788923228625	0.24419286121997416	8.146127857514243
37.497922882039305	1.0201068864684319e-7	1.8205576963627132e-9	-7.726727730234812	-9.595739920499186	16.203489126602562	0.21907678138196646	8.146127832803419
37.96284779863542	1.1113829563205332e-7	1.937118741977541e-9	-7.687934837708884	-9.606310122757863	16.29308903734511	0.19662020554427664	8.146127805928574
38.42340112694606	1.2099898365286113e-7	2.049531238730742e-9	-7.651365877798322	-9.619017450461643	16.37751329977558	0.17643973146278827	8.146127776766395
38.882615436705436	1.3167124508361176e-7	2.1581072008226134e-9	-7.616672197331303	-9.633968577447424	16.457577077886324	0.15815011703478446	8.146127745082751
39.33780227135718	1.4310244984049072e-7	2.2618268462325878e-9	-7.58401419490335	-9.65113030634157	16.532918404378698	0.141655490072077	8.146127711032548
39.79583544835183	1.5548081320521263e-7	2.361866958251481e-9	-7.552942094940829	-9.670766014386018	16.6045811554069	0.12659134253696597	8.146127674053199
40.26658199975411	1.6912924997409655e-7	2.459817374674698e-9	-7.522977088612316	-9.69324288871922	16.67367379109779	0.11265889844132768	8.14612763317355
40.763072450769876	1.8454204056944704e-7	2.5575394295919857e-9	-7.493638894602525	-9.719005142834916	16.741306391208695	0.09963756294188175	8.146127586900684
41.30712819595794	2.0261485902692364e-7	2.6579872388972503e-9	-7.464242170045328	-9.748711721535555	16.809060283647664	0.08731198930550081	8.146127532523783
41.92411767403814	2.2456023064252376e-7	2.763841691084715e-9	-7.4344090231520275	-9.782460470157611	16.87780698317426	0.07572940923769232	8.146127466360145
42.609305084743276	2.5063930192812463e-7	2.8724231497726065e-9	-7.4054939563001	-9.817089143214481	16.944426308996707	0.06567977895660948	8.146127387584993
43.33300933141865	2.7998535920474227e-7	2.978823346510289e-9	-7.379360796629473	-9.8468549135097	17.00462682654525	0.05795260849892089	8.146127298794896
44.07319788235244	3.117308567642055e-7	3.081496224855845e-9	-7.356667479617405	-9.867105800967062	17.056896392981063	0.05265767625864492	8.146127202612709
44.787049489872715	3.4383638786818596e-7	3.1772775836893736e-9	-7.3378912175354305	-9.875794679803157	17.100139084246557	0.04955599272073007	8.146127105232033
45.480698156640955	3.763042587266775e-7	3.269566243711617e-9	-7.321817286030875	-9.874749085629212	17.137154892765448	0.047974109546213534	8.146127006664704
46.15415205539485	4.089413600080618e-7	3.360189486649046e-9	-7.30758187728057	-9.866289142568158	17.16993450337892	0.047430900847092346	8.14612690750978
46.81586993304433	4.420365392825019e-7	3.4516050857228357e-9	-7.294342162580886	-9.85216788489202	17.20041953861464	0.04761165935202362	8.146126806897442
47.48080132305023	4.7631111523290857e-7	3.5470652514540466e-9	-7.281298538860546	-9.83303687209574	17.230451536433893	0.04836802177634532	8.146126702636444
48.172141044304695	5.130601892250124e-7	3.6514485557749157e-9	-7.267553968167097	-9.808441474276812	17.26209598694324	0.04968279513445342	8.14612659078117
48.90145933375067	5.531370302317944e-7	3.768806681033722e-9	-7.252377560823487	-9.777769388279577	17.297035616813382	0.05159170162352292	8.14612646872056
49.70552226588151	5.990396497516365e-7	3.908961226455286e-9	-7.234318397311104	-9.739165172299002	17.338610749891412	0.05422099985329225	8.146126328819518
50.58702238574883	6.517236464095082e-7	4.078448917120779e-9	-7.212477566730374	-9.692903834898388	17.388891072986592	0.05752354187208992	8.14612616812198
51.57414392691535	7.141477787787503e-7	4.291677981016457e-9	-7.185200737551831	-9.638459477139667	17.45168564191557	0.061458030952779956	8.1461259775369
52.72610719052977	7.924430875770787e-7	4.576959289083892e-9	-7.149920569043189	-9.575071239186515	17.532906173348422	0.06587236234047485	8.146125738228667
54.02743419021485	8.891915697658022e-7	4.951165977452735e-9	-7.1078180659917045	-9.510054660950402	17.6298365449217	0.06982512000862495	8.146125442139494
55.48837677710333	1.009395309615983e-6	5.435303639910764e-9	-7.062921988768345	-9.453223187328517	17.73320475991253	0.07219149409817456	8.14612507378406
57.084544605623165	1.1543692453705645e-6	6.02614699817105e-9	-7.022864048519606	-9.414083997112648	17.82544067088472	0.07241363130375679	8.146124629007694
58.52102822732144	1.295098712427923e-6	6.593420129830138e-9	-6.996524299533603	-9.394819214835675	17.88609343152687	0.07148593135248958	8.14612419690294
59.75148424663382	1.4216620304350105e-6	7.095599934594803e-9	-6.979744969154123	-9.38405889459268	17.924732001282912	0.07065432401961826	8.146123808104385
60.906483195482856	1.5445085512355863e-6	7.577494556423658e-9	-6.967110239059435	-9.37531539854818	17.9538260179434	0.07013775373325974	8.1461234306018
62.12913151599397	1.6781659151813828e-6	8.098028858006216e-9	-6.955818454483173	-9.366453824867525	17.979826859997488	0.06984738236417584	8.146123019772512
63.422028594256304	1.8230622092675269e-6	8.659951290989922e-9	-6.9454353320592315	-9.357399485341654	18.003734728316967	0.06972659411057548	8.14612257429659
64.83241405027705	1.9848806255801635e-6	9.28615384289943e-9	-6.935392560236396	-9.347949440751492	18.026858392602758	0.06972092923089461	8.146122076690586
66.4034852081282	2.169345418017515e-6	9.999474696399714e-9	-6.925367061250725	-9.337996946259967	18.04994186007273	0.06979847312806786	8.146121509331136
68.23332069251487	2.389334056705985e-6	1.085043473026613e-8	-6.914860125328473	-9.3271634970175	18.074133445862564	0.06994458742232945	8.146120832574944
70.38915628788706	2.6550581264926866e-6	1.1879498081967387e-8	-6.903729229895232	-9.315380006398614	18.099761305099147	0.07014909476012555	8.146120014952954
72.83699024457175	2.964689038404269e-6	1.3080743408792254e-8	-6.892371334607739	-9.30314775787896	18.125911479783763	0.07039202054666492	8.14611906203219
75.59398616280521	3.322727557418022e-6	1.4472826997633858e-8	-6.880867984214173	-9.290630231541513	18.152396230301903	0.07065968799439032	8.146117959903945
78.86886941819206	3.759829473227177e-6	1.6176597298586446e-8	-6.868612584331059	-9.277218040624863	18.180612115691797	0.0709582742969969	8.146116614117563
82.81791656330152	4.302592965790464e-6	1.8298176167085963e-8	-6.855442340015221	-9.262768327693491	18.210933851051173	0.07128632547961788	8.1461149426469
87.65166188837361	4.988297717963314e-6	2.0986780811775198e-8	-6.841189199083163	-9.247125654590546	18.243748195345027	0.07164363520244031	8.146112830498742
93.42890741665468	5.835911179505508e-6	2.4321105537403144e-8	-6.8262269658835955	-9.230720686703833	18.278194370246084	0.07201775358039021	8.146110219016057
100.36776637213678	6.890584056659004e-6	2.848397337743145e-8	-6.810516119761363	-9.213516890127762	18.31436313489865	0.07240875007222192	8.14610696881223
108.83519748474892	8.226555880911958e-6	3.3775792811020664e-8	-6.793837467064758	-9.195272513728664	18.352758786770703	0.07282262169802475	8.14610285072517
118.88967810777338	9.876030744698854e-6	4.0333374376228525e-8	-6.776649838877473	-9.176474211757732	18.392324679741634	0.07325077974348834	8.14609776503511
130.30337526529638	1.182360001291041e-5	4.8104630323408416e-8	-6.75964961918842	-9.157860835950958	18.43145744952207	0.07367980388617013	8.146091758834864
143.7974432340366	1.421974798765885e-5	5.770244820040048e-8	-6.742050892061522	-9.138540248260536	18.471965850191616	0.074135080045546	8.146084367540201
159.763145432763	1.7174437246996363e-5	6.958679272151795e-8	-6.723749812283781	-9.118355264816136	18.514088368166448	0.07462715403285902	8.146075251247094
178.01237880798965	2.069787641635693e-5	8.382297777437799e-8	-6.705230284949531	-9.097796997932663	18.556710724210756	0.07515091707723372	8.146064377703697
199.0870356011729	2.494693924291277e-5	1.0107639602958233e-7	-6.686114711794544	-9.076412067959915	18.60070147188436	0.07572372446018998	8.146051261948942
223.85675520920904	3.0172563805842777e-5	1.224145723796118e-7	-6.665865861219551	-9.053569993662588	18.647296213962697	0.07636805630861011	8.146035128239086
252.7877366735184	3.657653148742771e-5	1.4873203530777088e-7	-6.644377921737005	-9.029139473356897	18.69673748211803	0.07709110639192472	8.146015352069272
286.55267077493784	4.444300308037974e-5	1.8129361317795684e-7	-6.621418185245226	-9.00288235062532	18.74955956719164	0.07789810719262974	8.145991054024016
325.64931435566194	5.40632065878053e-5	2.2143243986547508e-7	-6.596930102791373	-8.97480780936924	18.805891151833542	0.07878004263571424	8.145961332222045
371.2136898716979	6.59515374469749e-5	2.714608496856544e-7	-6.570554330470961	-8.944623382915793	18.86655693524125	0.07973033669576395	8.145924594469015
424.44976992170353	8.074791016244672e-5	3.342847871843843e-7	-6.5420815560955985	-8.91224253950773	18.93203553105352	0.08073025559068768	8.145878859406356
486.677881008558	9.926329902946306e-5	4.136071254470855e-7	-6.5114389338837055	-8.877745331256492	19.002490444431437	0.08175308037818356	8.145821615389133
559.5632406464339	0.00012259673573587139	5.14439363448663e-7	-6.478592508772697	-8.841233787325432	19.077994087660837	0.0827735213438143	8.145749458255029
643.9221960800678	0.0001517853836064706	6.415950705293648e-7	-6.444035459678402	-8.803339787097293	19.157405450185387	0.08375916966818536	8.145659173136105
742.3275646466847	0.0001887365093898401	8.03741188304672e-7	-6.407634984398612	-8.763940802574549	19.241020137499603	0.08470758025979358	8.145544851451053
856.920076660475	0.00023562154185440557	1.0108235731011067e-6	-6.369580495935024	-8.723218581360676	19.328390401364885	0.08561652636052913	8.14539976382589
989.4654127099817	0.0002949124916342268	1.2742187421515274e-6	-6.330199355571443	-8.681459644253925	19.418749217722144	0.08648901765813599	8.14521624729672
1143.19440662676	0.00037033652380073854	1.6110360072853728e-6	-6.289366986993492	-8.638448325426557	19.51236341795354	0.08734308707941345	8.14498274982594
1321.904845327282	0.000466850347854005	2.0441458827203607e-6	-6.246864701370113	-8.593867030768575	19.609709939260036	0.08820005183536464	8.144683906975834
1530.0547132391932	0.0005911113351955745	2.6044312715303884e-6	-6.202358191780796	-8.547280513721706	19.711522824644543	0.08908361971171423	8.144299080756186
1774.2451001790805	0.0007531344192274211	3.3385718773642183e-6	-6.155125604948775	-8.497857408640947	19.8194104827882	0.09002412912842281	8.14379722436239
2058.6379251457956	0.0009642309066295859	4.300102350226112e-6	-6.1049573503664325	-8.445321736124201	19.933794880182408	0.09103860603611928	8.143143262047763
2388.823126656629	0.0012404342595003768	5.5653920972142135e-6	-6.051346157065334	-8.38911955965084	20.055758140897225	0.09214370718713574	8.142287474013996
2770.928307805023	0.0016037462607205338	7.240150489261507e-6	-5.993776769779376	-8.328741569008912	20.186368854544487	0.09334550409806601	8.141161628005642
3212.7273721219076	0.0020859241637382394	9.477743014513642e-6	-5.931702773336818	-8.263706379608124	20.32671517094108	0.09463757325623824	8.139667234766996
3722.8861209582765	0.0027319608135034797	1.2496443572098406e-5	-5.864837966478566	-8.193861180164966	20.477215262554665	0.09599479423979804	8.137664750271929
4319.576769812673	0.003619466103121616	1.6671572697662e-5	-5.7922888711597285	-8.118456784160951	20.639510960370117	0.09739384009362435	8.134913479838776
5025.032948424824	0.004868878228722207	2.2586032104175787e-5	-5.713664036423449	-8.037278588066552	20.813858803777656	0.09879570221735971	8.131039886142437
5845.448563323729	0.006618779721760027	3.091363301835725e-5	-5.6312226878244065	-7.952793765092274	20.994314730384154	0.10012225588130677	8.125614100220625
6785.547250099894	0.009047261471378003	4.251672593546391e-5	-5.5476259695640975	-7.867748246657381	21.173797457810295	0.10131563654120752	8.118083695781174
7864.108372122282	0.012424104938328576	5.8694045947771566e-5	-5.4644921444769174	-7.783720141441491	21.34713577886299	0.10235560165906314	8.1076118688125
9101.988984474998	0.017105720544500082	8.115482564383286e-5	-5.383733691342095	-7.702539376843433	21.508016917120216	0.10322732751484502	8.093093110661513
10521.473851457313	0.02353834326871833	0.00011203162310443641	-5.307530814155277	-7.626296032896315	21.649030434344134	0.10391380131595711	8.073143307651288
12147.34659975279	0.03225069492150671	0.00015383895190215047	-5.238174661772133	-7.557206160280533	21.762068584937033	0.10439235047465882	8.046122531484892
14000.448966363216	0.04377460320265326	0.00020908652892567798	-5.178123272347702	-7.497680786721345	21.83862276304785	0.10463277223352142	8.01038130117187
16108.421891087812	0.05863046356647387	0.0002802011913118413	-5.129302930939758	-7.449635859754295	21.871470271995573	0.10460321910503331	7.964305778210613
18516.67162891836	0.07734550299793194	0.0003696008830314468	-5.092938574314243	-7.414333890875108	21.854967325948238	0.10426891274043343	7.906261264911456
21255.636214538892	0.10012522739538285	0.0004781075882123987	-5.0699689135439385	-7.392782350528243	21.78585331833537	0.10360032987820109	7.835611419647552
24347.98447470682	0.12681368733403423	0.000604755340436032	-5.06031261800017	-7.3849840564768785	21.665153791821524	0.10258652947324999	7.752841719013653
27839.053461715386	0.15717313879818326	0.0007481250865812788	-5.062871943255299	-7.389930861332269	21.496674819924273	0.10123073004532983	7.658692424023084
31768.764473682215	0.19071689833803787	0.0009055602512326218	-5.075992695283876	-7.406017736768494	21.286839788807047	0.09956028933511317	7.554677407121399
36210.6856252978	0.22711905580870184	0.001075128925414334	-5.097818094938917	-7.431411456936152	21.04168181646743	0.09760837600451477	7.441814414217704
41290.663512078965	0.26636999254681737	0.0012563415401754172	-5.126734746888266	-7.464527282881005	20.764987556145037	0.09539797128811607	7.32014485766603
47107.36589304016	0.30814402722043566	0.0014472113474558305	-5.160978772680349	-7.503590208696742	20.462594702245354	0.0929713776433795	7.190697219835608
53661.98652588967	0.35148122665280235	0.0016429195173293814	-5.198272873515277	-7.546231254373044	20.144933532681264	0.09040812407454744	7.056474869423898
61035.837173234664	0.39613100616900104	0.0018419677689338351	-5.23715586612566	-7.590971951133556	19.81678346114366	0.08774392930071326	6.918297124497624
69342.87612437138	0.4420778125660607	0.002043929668033507	-5.276800553568738	-7.63699472253892	19.480250175857044	0.08499636660685499	6.776280382684959
78631.74721387679	0.48896510171715485	0.0022469146116687374	-5.316580828173514	-7.6836260257742595	19.13886232205465	0.08219983025146366	6.63163318640538
88995.69030759006	0.5366920799260537	0.0024501968758761376	-5.356567277284516	-7.730917409502499	18.79327985905435	0.07936928150744221	6.484831856668933
100562.66891035685	0.5852409419837162	0.0026534279127035714	-5.397228411549553	-7.779331337121873	18.442972568973897	0.07651172522024477	6.336194089775095
113585.73229204857	0.6349309967380636	0.0028576387535916344	-5.43945083472829	-7.829804610028219	18.084962411513033	0.07361457941254101	6.185177575498435
128274.2583067846	0.6856653099500754	0.003062099661290539	-5.483745444336926	-7.8828302584885295	17.719828812813212	0.07069272256179022	6.032799076838202
144663.52962872304	0.7366763720834676	0.0032635056469277625	-5.529919497931993	-7.93807987916664	17.353910420918186	0.06780113594119724	5.882472146076167
162964.311107115	0.787768342740864	0.003460988349899856	-5.578226937636877	-7.995774863515269	16.990451486471457	0.06496164197520968	5.736414021875564
183273.77397674203	0.8383772908026286	0.0036523773620965377	-5.628705912217844	-8.055853724958974	16.63615021047481	0.06221642036761089	5.59855428373301
205896.80978328304	0.8884028390328895	0.0038373854897632317	-5.682129220695952	-8.119055825401468	16.2950392066371	0.059583883391358006	5.47225847970114
231204.12288078252	0.9376691414280424	0.004015503895375791	-5.739533129914392	-8.186346236994948	15.972219862368686	0.057088965418326455	5.361862338936653
259565.15930038088	0.9857830715618592	0.004185544004368502	-5.801748793535123	-8.258421541409232	15.674537344103436	0.05476738222758407	5.272437864357623
291198.95101939206	1.0320378529340253	0.0043453784268893715	-5.868582094149586	-8.334892807706321	15.41024372875899	0.05266217525396593	5.208504710969417
326347.2776539882	1.075918032983259	0.004493746764620323	-5.93880588774052	-8.414396515199815	15.184718090842345	0.05079443174146374	5.1715414876580015
365492.9662083102	1.117396613114481	0.004631088856788171	-6.010674753920132	-8.49516435224311	14.998520022743932	0.049153993632955445	5.159544963716406
409373.08093633386	1.1567905963161684	0.0047589305003358584	-6.082384549761365	-8.575430740939526	14.848730093357503	0.047713702892690744	5.168419039494553
457905.67722275824	1.193844318367174	0.004876892657000591	-6.151143434370699	-8.652258551197573	14.732559228293134	0.04646897348842289	5.192826210866816
511496.22440341034	1.2289232903165437	0.004986584993575441	-6.215964465358077	-8.724570695698725	14.643375302965698	0.0453978162762693	5.227610142609895
570351.1652564369	1.2622706602920748	0.005089161555333902	-6.276544136535917	-8.79190828835921	14.574678842109089	0.0444871763925608	5.268602575793093
634989.2893206323	1.2942624697926424	0.005186135006903072	-6.333533351970781	-8.854832330051309	14.520249684460477	0.04371949192901701	5.313069530112817
706553.5779560773	1.3254145101102999	0.005279365998902676	-6.388174555351608	-8.914632926057903	14.474908136661652	0.043068271831630124	5.359668220048086
784822.4534447108	1.355540169769445	0.005368537652873808	-6.44051757189977	-8.971415572548501	14.435817004404194	0.042515115909896296	5.406822152037971
869949.9928080346	1.384655353897622	0.005453897547193481	-6.490834945002793	-9.025608806418308	14.400959370864687	0.0420356302913034	5.453726769067993
962766.4455467804	1.4129793750208952	0.005536239343652484	-6.539591543458844	-9.077817372457872	14.368986960849584	0.0416102496723264	5.50022113822825
1.064745543075229e6	1.4408276097561752	0.00561659284614155	-6.587341432672493	-9.128645358874289	14.338955707136524	0.041230024893585265	5.546497331928191
1.1756039088377932e6	1.4679914601969977	0.0056944540569309745	-6.633751079159656	-9.177688077309496	14.310653241588454	0.04089992017601297	5.591987672902308
1.295862642130655e6	1.4945100591470064	0.0057700479362351445	-6.678955882036274	-9.225067008821037	14.28362865320382	0.040618831346423065	5.636611588629416
1.4258697977119973e6	1.5203789179413705	0.0058434558901140216	-6.723032341187757	-9.270914156581368	14.257551827730424	0.04037970516343562	5.680279913304539
1.5668333469919516e6	1.5457454343807076	0.005915170653718096	-6.766287171378896	-9.31566610618454	14.232079062436616	0.04016885133683008	5.723202556119487
1.7181896291800016e6	1.5704323452564382	0.005984739099953563	-6.808423557928664	-9.359141088846558	14.207339770910739	0.03997562255452817	5.765058685977544
1.8800397065409888e6	1.5944227678058696	0.0060521437017457425	-6.849383846351352	-9.401345172439173	14.18338379426375	0.03979408550089598	5.8058002825618304
2.052161307156289e6	1.6176742094123782	0.006117290855188178	-6.889062018697291	-9.442180155861287	14.160293186328552	0.039623616192306706	5.845333501995419
2.2355154154717075e6	1.6403092426411032	0.006180550291306429	-6.927647394165111	-9.481824396843646	14.137955569126989	0.03946477306402162	5.883845697983699
2.4305141113422187e6	1.662362036317982	0.0062420397904597	-6.965193117082352	-9.520328743172021	14.116319087729858	0.03931749503143206	5.9213777029183605
2.636989252845245e6	1.683805826685703	0.006301704980449293	-7.001658000126373	-9.557669695472992	14.09537814640267	0.03918005453294832	5.957871357889262
2.8540150736116357e6	1.7045597409182174	0.00635933939497293	-7.036900160678997	-9.593734401283713	14.07520598944924	0.039049953299021556	5.9931798951185735
3.084307769715543e6	1.7248845244403492	0.006415675972915775	-7.071353827796137	-9.628987699074534	14.05555507459512	0.03892370119300095	6.027738940796757
3.326859048784513e6	1.7446808586002613	0.006470448534541267	-7.104841220439254	-9.663252642982819	14.036529790682739	0.03880148339890637	6.061371901065891
3.582947828233296e6	1.7640491338575914	0.00652394166158644	-7.137524887949434	-9.6966897512573	14.018037755278344	0.03868319722936681	6.094242013749475
3.850827940346451e6	1.7828627870666984	0.006575814639951591	-7.169189512732329	-9.729073775352374	14.000193174521126	0.038570011245593304	6.126128322442305
4.1317965027639405e6	1.8012261732469077	0.006626363694835504	-7.200010612196528	-9.760586006087403	13.98288953010507	0.03846108509069132	6.157203169096894
4.424727835974065e6	1.8190794022565573	0.006675431951798824	-7.2298889321005655	-9.791133636874656	13.966174800182904	0.03835595218686374	6.187361996226572
4.73278371671647e6	1.8366187501097953	0.006723563599954094	-7.259151217526585	-9.82105702465521	13.949864312015416	0.038252883357072054	6.216933525482336
5.054037574140144e6	1.8537336767645622	0.006770460148103478	-7.287612422441082	-9.85017084256304	13.934057745952435	0.03815216484501567	6.245728749918147
5.387507347556274e6	1.870389115211268	0.006816029857161117	-7.315214405849008	-9.878414852524559	13.91878512531254	0.03805404993107624	6.273687533876198
5.732599632762684e6	1.8865799834169394	0.0068602633186442535	-7.341951356234092	-9.905782732651591	13.904044615462286	0.03795856416324405	6.300801066421489
6.091454316910753e6	1.9024235990626803	0.006903486035947517	-7.368019492888081	-9.93247485436426	13.889723551565877	0.03786502435878174	6.327265732979989
6.463305537420294e6	1.9178972292241574	0.006945638912885727	-7.393383616685158	-9.958458895997149	13.8758373418206	0.037773212417620015	6.353043523338148
6.846083667441002e6	1.932936050360267	0.006986549237487855	-7.417940901203758	-9.983630490445023	13.862438122346543	0.037683395755216585	6.378027525834993
7.243979159586587e6	1.9477181931470342	0.0070267043592028835	-7.441984881061931	-10.008293697112792	13.84936270385351	0.03759421087820517	6.402514622098612
7.652634655409113e6	1.9620949788786672	0.0070657025813629796	-7.46527666056699	-10.03220506404924	13.836737682306216	0.037506393363895586	6.4262595919396635
8.076746930944979e6	1.976243993347483	0.0071040279271573584	-7.48810663858045	-10.055662043971454	13.824403325474714	0.03741889775871653	6.449557138274846
8.51329258562393e6	1.9900717746412746	0.007141428979625587	-7.510327110225785	-10.078514262467772	13.812435732662765	0.037332159965560774	6.47225438777942
8.964091042002544e6	2.0036466359961835	0.007178092123106151	-7.532051056254112	-10.10087956660792	13.800771140864128	0.037245588748652546	6.49446505819823
9.428934525572779e6	2.0169690990185325	0.007214020031068796	-7.553282384944909	-10.12276241133972	13.789404437460293	0.037159125352520736	6.516191400016984
9.906267378288975e6	2.030005022503521	0.007249122239630812	-7.573970177175138	-10.144111816924687	13.778360233261385	0.03707284328976968	6.5373797722689
1.0398957289541224e7	2.042840440512813	0.0072836313409710305	-7.594254123908103	-10.165072129348838	13.767561462176985	0.03698614079229037	6.5581718030514375
1.0904593693500599e7	2.0554191912451136	0.007317397249790539	-7.614048692890368	-10.185555187405088	13.757051091145028	0.03689936187277043	6.578478330196774
1.1427267485499546e7	2.0678470614854767	0.00735070459853565	-7.633523240725774	-10.205735885216534	13.746736863786978	0.036811793328476776	6.5984717397788915
1.196156415056927e7	2.0800013785558646	0.0073832254838585585	-7.652488769508194	-10.225417474468154	13.736716548304312	0.03672435965003365	6.61795664932767
1.2515384686392905e7	2.0920645984154405	0.007415448700649933	-7.67123267932461	-10.244898092284494	13.726836350186412	0.03663574632067032	6.637227201259498
1.3082601017594462e7	2.103903560948048	0.007447018856771557	-7.689550561896567	-10.263963951157072	13.717201971515701	0.03654703456420609	6.656072060334382
1.3665417736214267e7	2.1155703448726113	0.0074780758252637365	-7.707526463287217	-10.282701206477054	13.707766927702604	0.036457926776646464	6.6745763703172525
1.426193464727445e7	2.127032400541852	0.007508534077043178	-7.725113294071787	-10.301058824066496	13.698554146174592	0.03636881918499126	6.692690622186846
1.4876070905758772e7	2.1383681816963995	0.0075386029377391	-7.7424344719151605	-10.319163617574372	13.689497002851043	0.03627925376228969	6.710540793025052
1.5503340217533948e7	2.1494986230468767	0.00756807369222636	-7.75937209755828	-10.336890103092205	13.68065557524675	0.03619002671379083	6.728004473292046
1.6148158442558976e7	2.160506077192372	0.007597165531762296	-7.776054355717156	-10.354369964956813	13.671961350209264	0.03610066589422276	6.745212902235807
1.6811714016003076e7	2.171409366123491	0.00762592886393877	-7.792512061947596	-10.37163350105108	13.66339660324456	0.0360111703113506	6.762196903772691
1.749097283087166e7	2.182159340517491	0.007654235065330271	-7.808673301788264	-10.388603084486267	13.654997515759097	0.03592211035958353	6.7788815438803915
1.8190492075169142e7	2.192827853051174	0.007682274389563562	-7.8246484302395745	-10.405392245285489	13.646705427771629	0.03583306869142783	6.795379994478097
1.890307744202802e7	2.2033073246427186	0.007709765501308753	-7.840278729707863	-10.421832188292687	13.638601765394275	0.03574508959677965	6.811527783979094
1.963291524024129e7	2.2136640116071877	0.007736883985485154	-7.855666105039721	-10.438027696680514	13.630632144146402	0.03565778859329288	6.8274292932335
